0.0 0.0 1.0 1.0
0.02 0.02 1.02 1.04
0.0196 0.020800000000000003 1.02 1.0392
0.039568000000000006 0.040784 1.04 1.079136
0.03876864 0.042382720000000006 1.04 1.0775372799999998
0.05867269120000001 0.0623347456 1.0599999999999998 1.1173453824000001
0.057475250176 0.06472962764800001 1.06 1.1149505003519997
0.07728350609408001 0.08463375560703999 1.0799999999999998 1.1545670121881602
0.0756898999517184 0.08782096789176322 1.08 1.1513797999034365
0.09537066737840949 0.10766135160510873 1.0999999999999999 1.1907413347568192
0.09338344588751406 0.1116357945868996 1.1 1.1867668917750278
0.11290523559493351 0.13139668944060928 1.1199999999999999 1.2258104711898672
0.11052757830988968 0.13615200401069694 1.12 1.2210551566197791
0.12985915543450563 0.15581779257300488 1.14 1.2597183108690115
0.1270948666069695 0.16134637022807716 1.1400000000000001 1.2541897332139387
0.14620530062538253 0.18090158723728364 1.16 1.2924106012507655
0.14305880311747815 0.18719458225309246 1.1600000000000001 1.286117606234956
0.16191751733525883 0.20662393936198276 1.1799999999999997 1.323835034670518
0.15839384554299885 0.21367128294650284 1.1800000000000002 1.3167876910859972
0.17697066601739872 0.2329596931837027 1.1999999999999997 1.353941332034798
0.17307545781565073 0.2407501095871988 1.2000000000000002 1.346150915631301
0.19134066163391078 0.2598827114963287 1.2199999999999998 1.3826813232678221
0.1870801493557976 0.26840373605255524 1.2200000000000002 1.3741602987115946
0.20500451219180857 0.28736591747056056 1.2399999999999998 1.4100090243836176
0.20038551265697516 0.2966039165402276 1.2400000000000002 1.4007710253139498
0.21794035553019947 0.31538133797683954 1.2599999999999996 1.4358807110603995
0.21297025913790157 0.3253215307614356 1.2600000000000002 1.4259405182758027
0.23012749429974205 0.3439001483423556 1.2799999999999996 1.4602549885994847
0.22481425320420734 0.3545266305334253 1.2800000000000002 1.4496285064084142
0.24154642907840504 0.3728927184705239 1.2999999999999996 1.4830928581568106
0.23589854446538638 0.38418848769656155 1.3000000000000003 1.4717970889307723
0.2521788895705426 0.4023286602491394 1.3199999999999996 1.5043577791410856
0.2462053980554208 0.41427564327938327 1.3200000000000003 1.4924107961108413
0.26200786383936725 0.4321768761713562 1.3399999999999996 1.524015727678735
0.25571832300856656 0.44475595783295796 1.3400000000000003 1.5114366460171327
0.2710176255260489 0.46240560909169887 1.3599999999999997 1.5420352510520983
0.2644220986448986 0.47559666285399993 1.3600000000000003 1.5288441972897968
0.2791937590118889 0.4929824930374948 1.3799999999999997 1.5583875180237783
0.27230279892339876 0.5067644132144755 1.3800000000000003 1.5446055978467972
0.2865231824833099 0.5238746049944307 1.3999999999999995 1.5730463649666202
0.2793478147236215 0.5382253405138079 1.4000000000000004 1.5586956294472427
0.2929941688627576 0.5550485175833756 1.4199999999999995 1.5859883377255155
0.28554587402028647 0.5699451072683182 1.4200000000000002 1.5710917480405726
0.2985963645720249 0.586470352544187 1.4399999999999995 1.59719272914405
0.290887059918519 0.6018889618511991 1.44 1.5817741198370376
0.3033208060979769 0.6181058349409277 1.4599999999999995 1.6066416121959541
0.29536282652088186 0.6340217940951182 1.46 1.5907256530417635
0.30715993433417216 0.649920348001763 1.4799999999999995 1.6143198686683446
0.29896601260081135 0.6663081914684851 1.48 1.5979320252016225
0.31010760667543275 0.6818789885057954 1.4999999999999993 1.6202152133508658
0.3016908530605795 0.6987124957355024 1.5 1.6033817061211588
0.31215910684601267 0.7139466226282186 1.5199999999999994 1.6243182136920256
0.30353298815545077 0.731198860009343 1.5200000000000002 1.6070659763109012
0.31331115244563895 0.7460879421544366 1.5399999999999994 1.6266223048912782
0.30448947046927327 0.7637313061071686 1.5400000000000003 1.6089789409385462
0.3135619002013522 0.7782675209732075 1.5599999999999994 1.6271238004027047
0.30455876963034495 0.7962737821152226 1.56 1.6091175392606896
0.3129109489167433 0.8104498717584213 1.5799999999999994 1.6258218978334869
0.3037407747600081 0.8287902200718923 1.58 1.6074815495200159
0.3113593401138676 0.8425995027488217 1.5999999999999994 1.6227186802277356
0.30203679465005523 0.861244593676447 1.6 1.6040735893001101
0.3089095563668097 0.8746809745348239 1.6199999999999994 1.61781911273362
0.29944955566866227 0.8936009759311194 1.62 1.598899111337324
0.30556551732956494 0.9066589567615704 1.6399999999999995 1.6111310346591303
0.29598319739819945 0.925823596624302 1.6400000000000001 1.5919663947963985
0.30133257346459286 0.9384982846574983 1.6599999999999993 1.6026651469291862
0.2916432660118995 0.9578768995628858 1.6600000000000001 1.5832865320237985
0.29621749748207743 0.9701640152979742 1.6799999999999993 1.5924349949641552
0.2864367053999805 0.9897255994621689 1.6800000000000002 1.5728734107999607
0.29022847350359066 1.0016214835139734 1.6999999999999993 1.5804569470071816
0.28037184605942156 1.0213347384023126 1.7000000000000002 1.5607436921188427
0.28337508396749816 1.0328363573563502 1.7199999999999989 1.5667501679349967
0.2734583917651675 1.0526697417610125 1.7200000000000002 1.5469167835303346
0.2756682942970577 1.063774693026957 1.739999999999999 1.5513365885941157
0.2657074040440892 1.0836964735328949 1.7400000000000002 1.531414808088178
0.2671204353557419 1.0944029891887206 1.7599999999999993 1.534240870711484
0.2571312844765404 1.1143812909471245 1.7600000000000002 1.5142625689530802
0.25774518371785693 1.1246882405677823 1.7799999999999994 1.515490367435714
0.24774375485382907 1.1446910982958387 1.78 1.4954875097076576
0.24755753978602338 1.1545979907619355 1.7999999999999996 1.495115079572047
0.23755983522335164 1.1745933998872797 1.8000000000000003 1.475119670446703
0.2365738037905322 1.1841003841708695 1.8199999999999994 1.4731476075810646
0.22659581985651686 1.204056352038901 1.8199999999999998 1.4531916397130333
0.22481154970897615 1.2131642169651302 1.8399999999999996 1.4496230994179524
0.21486925117791164 1.23304881402726 1.8399999999999999 1.429738502355823
0.21228959714788576 1.2417589870122467 1.8599999999999999 1.4245791942957715
0.20239889169742176 1.2615403979131754 1.8599999999999999 1.404797783394843
0.19902798123135873 1.2698549426801435 1.8799999999999997 1.3980559624627176
0.189204693990216 1.2895015171624298 1.88 1.3784093879804316
0.18504792054486155 1.297423130439752 1.8999999999999995 1.3700958410897233
0.1753077687726259 1.3169034339842243 1.9 1.3506155375452513
0.17037178318549256 1.3244354411906571 1.9199999999999995 1.3407435663709852
0.16073035112499962 1.343718305311644 1.92 1.3214607022499987
0.1550230509730268 1.3508646552356571 1.9399999999999995 1.3100461019460536
0.1454957649155733 1.369919227350565 1.9399999999999995 1.290991529831146
0.13902628187900418 1.37668448583228 1.9599999999999995 1.2780525637580085
0.12962838548228212 1.395480278625725 1.9599999999999995 1.2592567709645637
0.12240707073397517 1.4018696212515713 1.9799999999999995 1.2448141414679506
0.11315360063221926 1.420376561455084 1.9799999999999995 1.226307201264438
0.1051920082757718 1.4263957652768602 1.9999999999999998 1.2103840165515438
0.09609777002114485 1.444584241786115 1.9999999999999996 1.1921955400422892
0.08740863860432718 1.4502396760777059 2.0199999999999996 1.1748172772086547
0.0784881829780366 1.468080587330288 2.0199999999999996 1.1569763659560728
0.06908541511111566 1.4733792033968274 2.0399999999999996 1.1381708302222315
0.0603530148421635 1.4908440039347326 2.039999999999999 1.1207060296843265
0.05025165495372634 1.495793323990514 2.0599999999999996 1.1005033099074528
0.04172128188254294 1.5128540701328816 2.0599999999999996 1.0834425637650855
0.03093749214841106 1.5174621752658155 2.0799999999999996 1.0618749842968223
0.02262279487191031 1.534091569818818 2.079999999999999 1.0452455897438202
0.011173829355658325 1.5383670870606918 2.099999999999999 1.0223476587113167
0.0030881113894826243 1.5545385229930444 2.0999999999999996 1.0061762227789648
-0.009007711564063464 1.558490611516271 2.119999999999999 0.9819845768718731
-0.016851513071168233 1.574178214530482 2.119999999999999 0.9662969738576631
-0.029574840145282753 1.5778165509934243 2.1399999999999992 0.9408503197094346
-0.03716417511090522 1.5929952209246705 2.1399999999999992 0.9256716497781892
-0.05049464898226959 1.5963299839889882 2.1599999999999993 0.8990107020354609
-0.05781737447046476 1.6109754349653798 2.1599999999999993 0.88436525105907
-0.0717336663808848 1.6140172890101696 2.1799999999999997 0.8565326672382304
-0.07877806603087156 1.6281060883101444 2.1799999999999993 0.8424438679382564
-0.09325790991329058 1.6308661663689348 2.1999999999999993 0.8134841801734188
-0.10001271268562896 1.6443757719136127 2.1999999999999993 0.7999745746287417
-0.11503294078983511 1.6468656578615095 2.2199999999999993 0.7699341184203298
-0.12148733900008936 1.6597744542820194 2.2199999999999998 0.7570253219998209
-0.1370239189611159 1.6620061643015058 2.2399999999999993 0.7259521620777682
-0.14316758557214962 1.6742934975235748 2.2399999999999993 0.7136648288557004
-0.15919565886205891 1.6762794608786198 2.259999999999999 0.6816086822758822
-0.16501876400729443 1.6879256711690924 2.26 0.6699624719854107
-0.18151268570882262 1.689678710318328 2.2799999999999985 0.6369746285823548
-0.18700591242002756 1.7006651637407395 2.2799999999999994 0.6259881751599444
-0.2039392922584522 1.7021984738215268 2.2999999999999985 0.5921214154830956
-0.20909385137288866 1.7125075920504014 2.3 0.5818122972542222
-0.22643959594046825 1.7138347197666113 2.3199999999999985 0.5471208081190635
-0.23124724016355314 1.7234500082127826 2.3199999999999994 0.5375055196728933
-0.24897759626897956 1.7245848301600692 2.339999999999999 0.5020448074620408
-0.2534306333699559 1.7334909043620235 2.34 0.49313873326008767
-0.2715172324434605 1.734447604825271 2.3599999999999985 0.4569655351130789
-0.27560853756296677 1.742630215064285 2.3599999999999994 0.44878292487406596
-0.2940224410460319 1.7434232633227524 2.379999999999999 0.4119551179079361
-0.2977454680958769 1.7508693174224437 2.3799999999999994 0.4045090638082457
-0.3164572137429297 1.7515134445989173 2.399999999999999 0.3670855725141406
-0.3198060058798336 1.7582110288727264 2.3999999999999995 0.36038798824033225
-0.33878565489783874 1.758721204363724 2.419999999999999 0.32242869020432247
-0.34175485405438255 1.7646596026768129 2.419999999999999 0.3164902918912343
-0.36097203900491126 1.7650510102015486 2.4399999999999986 0.2780559219901774
-0.36355689446244455 1.7702207211166163 2.439999999999999 0.27288621107511035
-0.3829808678495759 1.7705087344230508 2.4599999999999986 0.23403826430084806
-0.3851772438393666 1.7749014864026333 2.459999999999999 0.22964551232126623
-0.40477692730568127 1.775101644669476 2.4799999999999986 0.19044614538863736
-0.40658130962614564 1.778710409310406 2.4799999999999986 0.1868373807477081
-0.42632534367809755 1.7788383922844302 2.4999999999999982 0.14734931264380483
-0.42773484531752287 1.7816573955632822 2.499999999999999 0.14453030936495362
-0.44759163950062886 1.7817289984717293 2.5199999999999987 0.1048167209987422
-0.4486040052563921 1.783753729983257 2.519999999999999 0.10279198948721521
-0.46854178869995916 1.7837848382614736 2.5399999999999983 0.0629164226000816
-0.4691553987868511 1.7850120584352587 2.539999999999999 0.06168920242629726
-0.4891422710373695 1.7850186223099995 2.5599999999999987 0.021715457925260855
-0.4893561436792511 1.785446367593764 2.559999999999999 0.021287712641497238
-0.5093601257411201 1.7854443765628294 2.5799999999999983 -0.018720251482240297
-0.5091739187417643 1.7850719625641192 2.579999999999999 -0.01834783748352918
-0.5291630042436849 1.7850774198131587 2.599999999999998 -0.058326008487369865
-0.5285770155342907 1.7839054423943717 2.5999999999999988 -0.057154031068581954
-0.5485192219394598 1.783934339191787 2.619999999999998 -0.09703844387891963
-0.5475343891019622 1.7819646735167933 2.619999999999999 -0.095068778203925
-0.5673978088801316 1.7820329636277086 2.639999999999998 -0.13479561776026314
-0.5660157076470705 1.779268761161588 2.6399999999999992 -0.13203141529414175
-0.5857685593265951 1.7793923353218257 2.6599999999999984 -0.1715371186531902
-0.5839914010599436 1.7758380187885243 2.6599999999999993 -0.1679828021198879
-0.6036020800781361 1.7760326792794279 2.679999999999998 -0.2072041601562722
-0.6014327082311208 1.771693935585399 2.6799999999999993 -0.2028654164622422
-0.6208698375015521 1.771975370950183 2.699999999999998 -0.24173967500310412
-0.6183117230691282 1.7668591420853368 2.6999999999999993 -0.23662344613825692
-0.6375442031849656 1.7672429020274179 2.719999999999998 -0.2750884063699311
-0.6346014391502249 1.7613573739579382 2.7199999999999993 -0.2692028783004504
-0.6535984981432832 1.761858844461409 2.739999999999998 -0.30719699628656616
-0.6502757929286813 1.755213434032207 2.7399999999999993 -0.3005515858573632
-0.6690070355045715 1.7558478127442616 2.759999999999998 -0.3380140710091427
-0.6653097054384518 1.7484531526120242 2.76 -0.3306194108769042
-0.6837451616090525 1.7492354245267234 2.7799999999999976 -0.36749032321810465
-0.6796791224195208 1.7411033461476622 2.78 -0.35935824483904216
-0.697789295454959 1.7420482596299425 2.7999999999999976 -0.39557859090991765
-0.6933610528047185 1.7331917743294638 2.8 -0.38672210560943765
-0.7111169664281376 1.7343138175177537 2.8199999999999976 -0.42223393285627475
-0.7063336055054287 1.7247470956723383 2.82 -0.41266721101085807
-0.7237068502550311 1.7260604732975366 2.8399999999999976 -0.44741370051006185
-0.7185760244373302 1.7157988216621372 2.84 -0.4371520488746611
-0.7355388031215166 1.7173174323200435 2.859999999999998 -0.47107760624303285
-0.7300687217301319 1.7063772695372765 2.86 -0.46013744346026464
-0.7465938939030077 1.7081146834508383 2.879999999999998 -0.49318778780601497
-0.7407933090681655 1.6965135137811562 2.88 -0.4815866181363318
-0.7568544344542539 1.6984829510881116 2.899999999999998 -0.5137088689085074
-0.7507326271116901 1.6862393364029862 2.9 -0.5014652542233808
-0.7663040079103733 1.6884536460036441 2.919999999999998 -0.5326080158207463
-0.7598707729518359 1.6755871760865713 2.92 -0.5197415459036724
-0.7749274949538362 1.6780588150855706 2.939999999999998 -0.549854989907672
-0.7681931255552588 1.6645900762884178 2.94 -0.5363862511105181
-0.7827110980053729 1.6673310900633602 2.959999999999998 -0.5654221960107454
-0.7756863691577932 1.653281632368203 2.96 -0.551372738315587
-0.789642363300101 1.6563036352970484 2.9799999999999978 -0.5792847266002016
-0.7823385145696752 1.6416959378361988 2.98 -0.5646770291393509
-0.7957102008135489 1.6450100947142614 2.9999999999999982 -0.5914204016270975
-0.7881389183582457 1.629867529803657 3.0 -0.5762778367164919
-0.8009049020056952 1.6334845379799317 3.0199999999999982 -0.6018098040113901
-0.7930782998774429 1.6178313337234291 3.02 -0.5861565997548865
-0.8052181553546324 1.621761405984834 3.0399999999999983 -0.6104363107092644
-0.7971487561168363 1.605622607509244 3.0400000000000005 -0.5942975122336733
-0.8086430596550022 1.6098754557401604 3.0599999999999983 -0.6172861193100039
-0.8003437743464428 1.5932768851230439 3.0600000000000005 -0.6006875486928862
-0.8111741350599239 1.5978617047663026 3.079999999999998 -0.6223482701198474
-0.802658242537095 1.580829919720647 3.0800000000000005 -0.6053164850741904
-0.8128073318487498 1.5857553750648188 3.099999999999998 -0.6256146636974991
-0.8040884575396877 1.5683176264466971 3.100000000000001 -0.608176915079376
-0.8135400369066176 1.5735918367632313 3.119999999999998 -0.6270800738132348
-0.804632131010217 1.5557760249704324 3.120000000000001 -0.6092642620204346
-0.8133710779054348 1.5614065515228226 3.139999999999998 -0.6267421558108693
-0.80428839307113 1.543241181854215 3.140000000000001 -0.6085767861422605
-0.8123007251796034 1.5492350157999775 3.1599999999999984 -0.6246014503592066
-0.8030577937031291 1.530749152847031 3.160000000000001 -0.6061155874062588
-0.8103306912934846 1.5371127040518522 3.179999999999998 -0.620661382586969
-0.8009423018652032 1.5183359251952915 3.1800000000000006 -0.6018846037304071
-0.8074641283012962 1.525075011977244 3.199999999999998 -0.6149282566025923
-0.7979453023442931 1.5060373600632397 3.200000000000001 -0.5958906046885867
-0.8037056227038258 1.5131571998834723 3.219999999999998 -0.6074112454076515
-0.794071590339632 1.4938891351550867 3.220000000000001 -0.5881431806792645
-0.7990611881100292 1.501394336269887 3.239999999999998 -0.5981223762200584
-0.7893273637904276 1.4819266876306856 3.240000000000001 -0.5786547275808556
-0.7935382556152566 1.48982124171827 3.259999999999998 -0.5870765112305132
-0.7837202134591584 1.4701851574060754 3.260000000000001 -0.5674404269183172
-0.7871456619114996 1.4784724331799035 3.279999999999998 -0.5742913238229992
-0.7772591107863546 1.4586993309296155 3.280000000000001 -0.5545182215727096
-0.7798936351486842 1.4673820687484493 3.299999999999998 -0.5597872702973684
-0.7699543935362926 1.447503585523668 3.300000000000001 -0.5399087870725856
-0.7717937785696308 1.4565838930069976 3.319999999999998 -0.5435875571392618
-0.7618177492565725 1.4366318343808828 3.320000000000001 -0.5236354985131455
-0.7628590519448661 1.4461111830367348 3.339999999999998 -0.5257181038897324
-0.752862196578042 1.4261174723030883 3.3400000000000016 -0.5057243931560844
-0.7531037508369897 1.4359966951736132 3.359999999999998 -0.5062075016739794
-0.7431020643849866 1.4159933222696086 3.360000000000001 -0.48620412876997354
-0.742543483727774 1.4262726125982137 3.379999999999998 -0.4850869674555481
-0.7325529688889152 1.4062915829204976 3.3800000000000012 -0.4651059377778307
-0.7311951470445939 1.416970493842657 3.399999999999998 -0.46239029408918786
-0.7212317886426215 1.3970437770387139 3.4000000000000012 -0.4424635772852433
-0.7190768981261424 1.4081212222969521 3.419999999999998 -0.4381537962522849
-0.7091566375344996 1.3882807011136682 3.4200000000000013 -0.41831327506899957
-0.7062081261706891 1.399754956795572 3.4399999999999977 -0.4124162523413783
-0.6963468358063226 1.3800323760668407 3.4400000000000013 -0.3926936716126454
-0.6926094212133627 1.3919010833633192 3.459999999999998 -0.3852188424267255
-0.6828228791408554 1.3723279992183062 3.4600000000000013 -0.36564575828171103
-0.6783025411820949 1.384588168197685 3.479999999999998 -0.3566050823641899
-0.6686064058687629 1.3651958975710223 3.4800000000000013 -0.33721281173752593
-0.6633103770849358 1.3778439119629344 3.499999999999998 -0.3266207541698717
-0.6537201623472803 1.358663482487625 3.5000000000000013 -0.3074403246945608
-0.6476569163844408 1.3716951054690432 3.519999999999998 -0.2953138327688816
-0.638187966566042 1.3527572058322472 3.5200000000000014 -0.2763759331320843
-0.6313672046177307 1.3661675868064014 3.5399999999999974 -0.2627344092354614
-0.6220346700382982 1.347502517647538 3.540000000000001 -0.2440693400765965
-0.6144673053236321 1.3612862000048696 3.559999999999998 -0.22893461064726436
-0.605286118038493 1.3429238254345925 3.5600000000000005 -0.21057223607698616
-0.5969842583410159 1.3570747552833298 3.579999999999998 -0.19396851668203174
-0.5879691082498262 1.339044455100952 3.580000000000001 -0.17593821649965263
-0.5789460365450539 1.3535559909533368 3.599999999999998 -0.15789207309010786
-0.5701113478879597 1.3358866136391498 3.600000000000001 -0.14022269577591967
-0.5603815010906199 1.3507515370378185 3.619999999999998 -0.12076300218123981
-0.5517414093694725 1.3334713535955252 3.620000000000001 -0.10348281873894523
-0.5413203552344409 1.3486818806630396 3.639999999999998 -0.08264071046888177
-0.5328886845959941 1.3318185393861475 3.640000000000001 -0.06577736919198848
-0.5217930968098867 1.3473663332791999 3.6599999999999984 -0.043586193619773526
-0.5135833379271622 1.330946815513752 3.660000000000001 -0.027166675854324543
-0.5018309694304368 1.3468229997621133 3.679999999999998 -0.0036619388608736467
-0.4938562579176467 1.3308735767365345 3.680000000000001 0.012287484164706312
-0.4814659124998982 1.3470687494454074 3.699999999999998 0.03706817500020364
-0.473739007895463 1.3316149402365385 3.700000000000001 0.052521984209073634
-0.4607305101093597 1.348119189129589 3.719999999999998 0.07853897978128059
-0.4532637754606466 1.3331857198321642 3.720000000000001 0.09347244907870644
-0.43965793890264626 1.349988638111163 3.7399999999999975 0.1206841221947075
-0.43246332098509316 1.3355994022760582 3.740000000000001 0.13507335802981332
-0.41828191499368855 1.3526901052717593 3.759999999999998 0.1634361700126229
-0.4113709251959636 1.3388681256763106 3.7600000000000007 0.17725814960807248
-0.39663664002074095 1.3562352682639207 3.7799999999999976 0.20672671995851807
-0.39002033592652047 1.343002660075481 3.780000000000001 0.21995932814695873
-0.37475674642376017 1.3606344548268599 3.799999999999998 0.2504865071524796
-0.3684457141195949 1.3480123902185306 3.8000000000000007 0.2631085717608099
-0.3526772420325014 1.365896626262076 3.8199999999999976 0.2946455159349972
-0.346681579170078 1.3539053005372306 3.820000000000001 0.30663684165984373
-0.3304334540539906 1.372029363095273 3.8399999999999976 0.3391330918920188
-0.32476275369388896 1.360687962375071 3.8400000000000007 0.3504744926122218
-0.30806097254899345 1.3790388529475173 3.8599999999999977 0.38387805490201315
-0.3027243078117897 1.3683655234731111 3.8600000000000008 0.39455138437642034
-0.28559559348791785 1.3869298806350456 3.8799999999999972 0.4288088130241643
-0.2806015030371916 1.3769416997335944 3.880000000000001 0.4387969939256166
-0.2630732614772616 1.395705820513558 3.8999999999999977 0.47385347704547676
-0.258429735857734 1.3864187692745038 3.9000000000000004 0.48314052828453186
-0.24053001224824178 1.4053686310792486 3.9199999999999973 0.5189399755035164
-0.23624448110090399 1.3967975687845742 3.9200000000000004 0.5275110377981919
-0.21800191499962474 1.4159188518352124 3.9399999999999973 0.5639961700007505
-0.21408123517431255 1.408077492184589 3.9400000000000004 0.5718375296513748
-0.19552501468700828 1.42735560242824 3.9599999999999973 0.6089499706259834
-0.1919754592714422 1.4202564915971088 3.96 0.6160490814571155
-0.17313527435089263 1.4396765840573822 3.9799999999999973 0.6537294512982148
-0.16996252263373754 1.433331080623073 3.9800000000000004 0.6600749547325248
-0.15086851757581554 1.4528780831520327 3.9999999999999973 0.6982629648483689
-0.1480776459598189 1.4472963399200405 4.0 0.703844708080362
-0.12876037117261716 1.4669549773136399 4.019999999999997 0.7424792576547657
-0.12635584505236455 1.462145925073136 4.0200000000000005 0.7472883098952707
-0.10684620817554258 1.4819007435115452 4.039999999999997 0.7863075836489148
-0.10483187479282642 1.4778720767461142 4.040000000000001 0.790336250414347
-0.08516109124538714 1.4977074685198322 4.059999999999997 0.8296778175092258
-0.08354017353361977 1.4944656330962987 4.0600000000000005 0.8329196529327603
-0.06373971656923907 1.5143658615784874 4.0799999999999965 0.8725205668615219
-0.06251480799675932 1.5119160444335291 4.08 0.8749703840064812
-0.04261635834658023 1.531865269258617 4.099999999999997 0.9147672833068397
-0.041789418767104056 1.530211390099666 4.1000000000000005 0.9164211624657917
-0.021824813950566853 1.550193692507933 4.119999999999997 0.9563503720988664
-0.021397166467421427 1.5493383975416433 4.120000000000001 0.957205667065157
-0.0013983498522325728 1.569337805849236 4.139999999999997 0.997203300295535
-0.0013706787013909247 1.569282463547554 4.140000000000001 0.997258642597218
0.01863035160586528 1.5892829787011804 4.1599999999999975 1.0372607032117307
0.0182580021505618 1.5900276776117885 4.16 1.0365160043011235
0.03822924450139375 1.610013298787203 4.179999999999997 1.0764584890027877
0.037457470199073625 1.6115568473918442 4.180000000000001 1.074914940398147
0.05736697060571999 1.6315115975951657 4.199999999999997 1.1147339412114403
0.05619700629526694 1.633851526216073 4.2 1.1123940125905336
0.07601290955707708 1.6537594778469764 4.219999999999997 1.1520258191141546
0.07444662718138782 1.6568920425983562 4.220000000000001 1.1488932543627755
0.09413722785314285 1.6767373429342318 4.239999999999997 1.188274455706286
0.09217713346401848 1.680657531712482 4.24 1.1843542669280367
0.11171092658464359 1.7004244282727925 4.259999999999996 1.2234218531692875
0.10936015633310672 1.7051259687758678 4.260000000000001 1.2187203126662132
0.1287058878336089 1.7247988345261167 4.279999999999997 1.257411775667218
0.125968202952062 1.730274204289212 4.28 1.2519364059041238
0.1450949196620404 1.749837562644199 4.299999999999996 1.2901898393240812
0.14197470044629396 1.7560780010756938 4.300000000000001 1.2839494008925878
0.16085179961901266 1.775516550662051 4.319999999999997 1.3217035992380257
0.15735403841981185 1.7825120730604542 4.32 1.3147080768396235
0.1759513166965945 1.8018107121988434 4.339999999999996 1.3519026333931894
0.17208160993185806 1.809550125728318 4.340000000000001 1.344163219863716
0.1903693116674618 1.8286939765961177 4.359999999999996 1.380738623334924
0.1861338508680133 1.8371648981950164 4.36 1.3722677017360263
0.20408271573966114 1.8561393306308382 4.379999999999996 1.4081654314793226
0.19948827764277968 1.8653282068246029 4.380000000000001 1.398976555285559
0.21706958746667704 1.8841188617365494 4.399999999999997 1.4341391749333543
0.21212352317331762 1.89401099032327 4.4 1.424247046346635
0.22930914785374626 1.9126038026634822 4.419999999999996 1.4586182957074927
0.22401937106677827 1.9231833562374199 4.420000000000001 1.4480387421335563
0.24078181360424947 1.9415645775061534 4.439999999999997 1.481563627208499
0.23515678796653208 1.95281462878159 4.440000000000001 1.4703135759330639
0.2514692284529859 1.9709708490248148 4.459999999999997 1.502938456905972
0.24551795400553944 1.9828733979197093 4.460000000000001 1.4910359080110787
0.2613542925361976 2.0007915671850363 4.479999999999997 1.5227085850723954
0.2550862913181379 2.013327569621157 4.48 1.5101725826362755
0.2704211897513513 2.030995018837762 4.499999999999997 1.5408423795027029
0.2638464905646274 2.044144417211211 4.5 1.5276929811292543
0.27865541306290287 2.061548878460347 4.519999999999997 1.557310826125806
0.27178453542621345 2.075290633733727 4.5200000000000005 1.5435690708524266
0.28604378771355377 2.0924202598773953 4.5399999999999965 1.5720875754271078
0.2788877250311176 2.1067323852422692 4.54 1.5577754500622347
0.292574492303863 2.12357576887864 4.559999999999997 1.5851489846077262
0.2851446942759719 2.138435364934424 4.5600000000000005 1.5702893885519433
0.29823707770648605 2.154981556649679 4.5799999999999965 1.5964741554129724
0.29054543200998467 2.1703648480426834 4.58 1.5810908640199688
0.30302248378477875 2.1866033739300783 4.599999999999997 1.6060449675695578
0.29508129705278147 2.2024857473940744 4.6000000000000005 1.5901625941055624
0.30692305388901575 2.2184066258121895 4.6199999999999966 1.613846107778032
0.29874503202029384 2.234762669549635 4.62 1.5974900640405871
0.30993254710703033 2.2503564270930014 4.639999999999997 1.619865094214061
0.3015307749365737 2.2671599714339163 4.640000000000001 1.6030615498731469
0.3120461482496737 2.2824176580904645 4.6599999999999975 1.6240922964993478
0.3034340686129551 2.2996418173639035 4.660000000000001 1.6068681372259095
0.31326047555511755 2.3145550208349825 4.679999999999997 1.6265209511102356
0.30445186777955574 2.3321722363861084 4.6800000000000015 1.6089037355591107
0.31357358609967323 2.3467330955461647 4.699999999999997 1.6271471721993471
0.30458254395770906 2.364715179830095 4.700000000000001 1.6091650879154173
0.3129849789064694 2.378916397304473 4.719999999999997 1.6259699578129396
0.30382588806553007 2.397234578986354 4.720000000000001 1.6076517761310594
0.3114955957470153 2.4110694328270945 4.7399999999999975 1.6229911914940314
0.30218311075244625 2.4296944028162346 4.740000000000001 1.6043662215048917
0.30910781963436595 2.443156757257192 4.759999999999997 1.6182156392687326
0.2996568404621585 2.4620587156016094 4.760000000000001 1.5993136809243162
0.3058254710103016 2.4751430308756786 4.779999999999998 1.6116509420206038
0.2962511192271313 2.4942917344420215 4.780000000000001 1.5925022384542618
0.3016538016326208 2.506993075644764 4.799999999999997 1.603307603265242
0.2919713962013407 2.526357886507326 4.800000000000001 1.5839427924026805
0.29659948617232773 2.5386719314928174 4.819999999999998 1.593198972344656
0.28682451894162797 2.558221865954219 4.82 1.573649037883255
0.29067061153415896 2.5701449122504827 4.839999999999997 1.5813412230683186
0.2808187224516086 2.5898486904155855 4.840000000000001 1.5616374449032164
0.2838766639175356 2.601377661148547 4.859999999999997 1.5677533278350717
0.27396361600566665 2.621203756972287 4.86 1.5479272320113326
0.2762285136386441 2.6323362057887736 4.879999999999997 1.5524570272772888
0.26627016777411566 2.6522528975178328 4.880000000000001 1.5325403355482305
0.2677383977379308 2.6629870124997383 4.899999999999998 1.5354767954758624
0.2577506872741261 2.68296243342735 4.9 1.5155013745482513
0.2584199004008368 2.6932970399907035 4.919999999999998 1.5168398008016744
0.2484188056744979 2.7132992294433835 4.920000000000001 1.496837611348995
0.24828793122310147 2.7232337922176835 4.939999999999998 1.4965758624462038
0.23828945398579052 2.7432307466923076 4.94 1.47657890797158
0.23735870135540918 2.752765370377115 4.959999999999997 1.4747174027108192
0.22737883917070587 2.772725094746524 4.960000000000001 1.454757678341411
0.22564969756554823 2.781860523943943 4.979999999999997 1.4512993951310973
0.21570441821294808 2.8017510826491456 4.98 1.4314088364258954
0.2131796542595824 2.810488700672461 4.999999999999997 1.4263593085191657
0.2032848701860496 2.830278268819529 5.000000000000001 1.4065697403720985
0.19996852350680125 2.838620095479903 5.019999999999998 1.3999370470136034
0.19014006636685343 2.858277009759801 5.0200000000000005 1.3802801327337062
0.1860374431164092 2.866225698134577 5.039999999999997 1.3720748862328194
0.17629103844147032 2.8857185074844574 5.04 1.35258207688294
0.1714087028170309 2.8932773396722355 5.059999999999997 1.3428174056340627
0.16175994485458084 2.9125748555971387 5.0600000000000005 1.323519889709161
0.15610570859314538 2.9197477374664187 5.0799999999999965 1.3122114171862915
0.14657003535592403 2.9388190839408646 5.08 1.2931400707118472
0.1401529452355108 2.9456105388806555 5.099999999999996 1.2803058904710223
0.13074561380069774 2.964425201750285 5.1 1.2614912276013945
0.12357593716549942 2.9708403634326834 5.1199999999999966 1.2471518743309995
0.11431199926339033 2.9893682392369048 5.12 1.2286239985267797
0.10640120759602323 2.9954128434032192 5.139999999999997 1.2128024151920471
0.0972954855272615 3.0136242875407455 5.14 1.1945909710545222
0.0886562360943934 3.0193046628243096 5.159999999999997 1.1773124721887875
0.07972329901428905 3.0371705369845214 5.16 1.1594465980285773
0.07036941461501253 3.0424935947848812 5.179999999999997 1.1407388292300258
0.06162355522289374 3.059985313569122 5.18 1.1232471104457866
0.05157000207224765 3.064958536993797 5.199999999999997 1.103140004144496
0.043025213743141805 3.0820481136520117 5.199999999999999 1.0860504274862828
0.03228807752616717 3.0866795455435225 5.219999999999997 1.0645761550523352
0.02395803192140084 3.1033396367530584 5.22 1.047916063842801
0.012554492056044825 3.1076378668203786 5.239999999999997 1.0251089841120904
0.004452517248585634 3.1238418164353003 5.24 1.0089050344971704
-0.007599180601367193 3.127815967510322 5.259999999999997 0.9848016387972663
-0.015460121451827308 3.1435378492112456 5.26 0.9690797570963445
-0.028140694569817024 3.147197562652249 5.279999999999998 0.9437186108603667
-0.03574802395791733 3.1624122214284527 5.279999999999999 0.9285039520841645
-0.04903718342695515 3.1657676416939324 5.299999999999997 0.9019256331460904
-0.05637872962567468 3.1804507340913744 5.299999999999999 0.8872425407486497
-0.07025521279061014 3.1835124925089056 5.319999999999998 0.8594895744187805
-0.07731922932603096 3.1976405255797498 5.3199999999999985 0.8453615413479372
-0.09176083381380017 3.200419723335864 5.339999999999997 0.8164783323724004
-0.09853601825946558 3.2139700922271977 5.339999999999998 0.802927963481068
-0.1135196375028881 3.2164782826054856 5.359999999999998 0.7729607249942245
-0.11999514956368505 3.229429306727082 5.359999999999998 0.760009700872629
-0.13549680977197143 3.231678476622938 5.379999999999997 0.7290063804560579
-0.14166228862860264 3.244009434336203 5.379999999999998 0.7166754227427938
-0.1576571871454196 3.2460119850777938 5.399999999999997 0.6846856257091616
-0.16350276803171446 3.2577031468503863 5.399999999999998 0.6729944639365703
-0.1799653130194351 3.259471874356525 5.419999999999996 0.6400693739611306
-0.18548164300597553 3.270504534329609 5.419999999999997 0.6290367139880482
-0.20238549439261952 3.2720526086362858 5.439999999999996 0.5952290112147618
-0.20756374735142705 3.282409114553904 5.439999999999998 0.5848725052971452
-0.22488185897477572 3.283750058742229 5.459999999999996 0.5502362820504494
-0.22971374970111627 3.293413840194913 5.459999999999997 0.5405725005977667
-0.2474184125825723 3.294561508754184 5.479999999999996 0.5051631748348563
-0.2518962100512837 3.3035171036916102 5.479999999999998 0.49620757989743186
-0.26995909673023677 3.3044856603521326 5.4999999999999964 0.46008180653952735
-0.2740756364653691 3.312718739822401 5.499999999999998 0.4518487270692611
-0.29246784632313283 3.313522634893518 5.519999999999996 0.41506430735373523
-0.2962165418611099 3.3210200259694758 5.519999999999999 0.4075669162777795
-0.3149086473619119 3.321673973219074 5.539999999999997 0.3701827052761771
-0.31828350078987294 3.3284236800749993 5.539999999999998 0.3634329984202535
-0.3372455945649119 3.328942633187479 5.559999999999997 0.3255088108701771
-0.3402412061173722 3.3349338562924027 5.559999999999998 0.3195175877652551
-0.35944294881660804 3.335332984942784 5.5799999999999965 0.2811141023667848
-0.3620545255150836 3.340556138339738 5.579999999999997 0.27589094896983224
-0.3814651943501976 3.3408508039221805 5.599999999999996 0.23706961129960566
-0.3836885576719709 3.3452975305657304 5.599999999999998 0.23262288465605765
-0.40327709557282687 3.3455032616153018 5.6199999999999966 0.19344580885434715
-0.4051086881365831 3.3491664467428173 5.619999999999997 0.18978262372683338
-0.4248437534425396 3.3492989140898386 5.639999999999997 0.15031249311492167
-0.4262806447001767 3.3521726966051157 5.639999999999998 0.14743871059964617
-0.4461306613067443 3.3522476883018317 5.6599999999999975 0.10773867738651233
-0.44717055223225 3.354327470152846 5.6599999999999975 0.10565889553549954
-0.46710376011285815 3.354360866212542 5.679999999999998 0.06579247977428454
-0.4677449868807517 3.3556433197483315 5.679999999999997 0.0645100262384961
-0.48772949290279144 3.355651066737312 5.699999999999998 0.024541014194417905
-0.48797102955024424 3.35613414003222 5.6999999999999975 0.02405794089951107
-0.5079748585040803 3.356132225555302 5.719999999999998 -0.015949717008159794
-0.5078163185724563 3.355815145692057 5.719999999999998 -0.015632637144913177
-0.5278074643317626 3.355819572812404 5.739999999999998 -0.05561492866352444
-0.5272491014849525 3.3547028471187863 5.7399999999999975 -0.05449820296990556
-0.5471955782165141 3.354729608753006 5.759999999999999 -0.09439115643302745
-0.5462382858350728 3.3528150239901255 5.759999999999997 -0.0924765716701461
-0.5661081791761192 3.352880077319603 5.7799999999999985 -0.1322163583522376
-0.5647534889278569 3.350170696823081 5.779999999999998 -0.1295069778557144
-0.5845150070490425 3.3502899377624886 5.799999999999998 -0.16903001409808419
-0.5827650864383564 3.346790096541119 5.799999999999997 -0.16553017287671357
-0.6023866109106872 3.3469793343049545 5.8199999999999985 -0.20477322182137384
-0.6002442598105546 3.3426946321046915 5.819999999999997 -0.20048851962110997
-0.619694396194875 3.3429695639125323 5.839999999999999 -0.23938879238974928
-0.617163042367056 3.3379068562568968 5.839999999999997 -0.23432608473411262
-0.6364106704451509 3.33828304221785 5.859999999999999 -0.27282134089030113
-0.63349436405577 3.3324504294390906 5.859999999999998 -0.2669887281115407
-0.6525086876227145 3.332943267655619 5.879999999999999 -0.3050173752454285
-0.6492120947619948 3.3263500819341822 5.879999999999997 -0.29842418952399025
-0.6679626909000819 3.3269747838651393 5.899999999999999 -0.3359253818001632
-0.6642910861166004 3.319631574298179 5.899999999999998 -0.32858217223320146
-0.682747953872009 3.3204031404204755 5.919999999999999 -0.3654959077440176
-0.6787072117334194 3.3123216561432987 5.919999999999997 -0.35741442346683955
-0.6968408201177411 3.3132548519511387 5.939999999999999 -0.3936816402354816
-0.692437405811465 3.304448023338589 5.939999999999998 -0.3848748116229307
-0.7102187410512847 3.30555735571868 5.959999999999999 -0.4204374821025688
-0.7054597000402122 3.296039273696538 5.959999999999998 -0.41091940008042516
-0.7228603119991462 3.2973389677170717 5.9799999999999995 -0.44572062399829193
-0.7177532587488951 3.2871248612165718 5.979999999999998 -0.4355065174977909
-0.7347453064478091 3.2886288373671158 5.999999999999999 -0.4694906128956178
-0.7292984122435797 3.277735048958659 5.999999999999997 -0.4585968244871602
