2.0 2.0 3.0 -1.0
1.98 1.98 3.02 -1.04
1.9812 1.9792 3.02 -1.0376
1.961232 1.9592479999999999 3.04 -1.077536
1.9636300800000002 1.95764928 3.04 -1.0727398400000001
1.9437260288 1.9377932031999998 3.0599999999999996 -1.1125479424
1.947318351872 1.935398321152 3.06 -1.105363296256
1.92751009595392 1.9156859372748798 3.0799999999999996 -1.14497980809216
1.932290914381005 1.9124987249901568 3.08 -1.1354181712379905
1.9126101469543138 1.89297757385012 3.0999999999999996 -1.1747797060913725
1.918571811427 1.8890031308683293 3.0999999999999996 -1.162856377146
1.8990500217195805 1.8697204463072 3.119999999999999 -1.2018999565608388
1.906182993574712 1.8649651317371125 3.12 -1.187634012850576
1.886851416450096 1.8459677660501883 3.1399999999999992 -1.2262971670998077
1.8951442829327045 1.8404391883951163 3.1399999999999997 -1.2097114341345911
1.8760338489142914 1.8217735373674966 3.1599999999999993 -1.247932302171417
1.8854733414380047 1.815480542351688 3.1599999999999997 -1.2290533171239908
1.8666146272202238 1.7971924710250167 3.1799999999999993 -1.266770745559552
1.877185642597004 1.790145127440497 3.1799999999999997 -1.2456287148059921
1.8586088221226038 1.7722798967288969 3.1999999999999993 -1.2827823557547917
1.870294446727848 1.764489480325401 3.1999999999999997 -1.2594111065443039
1.8520292429095877 1.7470916745980107 3.2199999999999993 -1.2959415141808237
1.8648107797439275 1.7385706500417846 3.2199999999999998 -1.2703784405121448
1.8468864169079162 1.7216841057877679 3.2399999999999993 -1.3062271661841665
1.8607434155124167 1.7124461067181012 3.2399999999999993 -1.2785131689751663
1.8431885726391921 1.6961138424082645 3.2599999999999993 -1.3136228547216147
1.858098861816086 1.6861736496236688 3.2599999999999993 -1.2838022763678274
1.8409416266542453 1.6704377968809079 3.279999999999999 -1.3181167466915082
1.8568813499408496 1.6598113146898386 3.2799999999999994 -1.2862373001183
1.8401491740666518 1.644713050878542 3.2999999999999994 -1.3197016518666953
1.857092827905708 1.6334172816525045 3.299999999999999 -1.2858143441885834
1.8408124828005517 1.6189967639947702 3.319999999999999 -1.3183750343988958
1.858732957345917 1.6070497809645266 3.319999999999999 -1.282534085308165
1.8429304915619706 1.593346082288607 3.3399999999999994 -1.314139016876058
1.8617991140543728 1.5807670006270054 3.339999999999999 -1.2764017718912537
1.8464998115368905 1.5678180468507819 3.359999999999999 -1.3070003769262186
1.8662863921803414 1.554626993088481 3.359999999999999 -1.2674272156393163
1.8515147318133511 1.5424695025379955 3.379999999999999 -1.296970536373297
1.8721876120788217 1.528687582361015 3.379999999999999 -1.255624775842356
1.8579672285189106 1.5173570070211484 3.399999999999999 -1.2840655429621783
1.8794933317979756 1.5030062715017716 3.399999999999999 -1.2410133364040479
1.8658469776588398 1.4925367402930674 3.419999999999999 -1.26830604468232
1.888191862186253 1.4776401506081251 3.419999999999999 -1.2236162756274933
1.8751413716345147 1.4680644147805175 3.439999999999999 -1.24971725673097
1.8982692855950323 1.4526458054735056 3.4399999999999986 -1.2034614288099348
1.8858355394155744 1.4439951862043188 3.459999999999999 -1.2283289211688504
1.9097094781468595 1.4280792270501286 3.4599999999999986 -1.1805810437062803
1.8979123703335692 1.420383565330193 3.4799999999999986 -1.2041752593328607
1.9224941355336518 1.4039957218634713 3.4799999999999986 -1.1550117289326958
1.9113525414590302 1.397283330751539 3.4999999999999987 -1.1772949170819385
1.9366028023035902 1.3804498235218325 3.4999999999999987 -1.126794395392819
1.926134548518157 1.3747474428436828 3.5199999999999987 -1.147730902963685
1.952012904589843 1.3574952054625589 3.5199999999999987 -1.0959741908203138
1.9422347402996545 1.3528279590272765 3.5399999999999987 -1.11553051940069
1.9686997862287519 1.3351845950745451 3.5399999999999987 -1.0626004275424958
1.9596273564966726 1.3315759504764266 3.5599999999999987 -1.0807452870066536
1.9866367482096947 1.313569689334412 3.5599999999999987 -1.0267265035806101
1.9782845689232962 1.3110414204048144 3.5799999999999987 -1.0434308621534067
2.005795091393502 1.2927010720913439 3.5799999999999987 -0.9884098172129954
1.9981765260396425 1.2912732240605544 3.5999999999999988 -1.0036469479207144
2.02614416243108 1.2726281331329297 3.5999999999999988 -0.9477116751378398
2.019271400714325 1.2723189905577976 3.6199999999999988 -0.9614571985713488
2.0476514028087682 1.2533989891615027 3.619999999999999 -0.9046971943824637
2.041535441147865 1.2542250466701483 3.639999999999999 -0.9169291177042691
2.0702824009419625 1.2350604068074174 3.639999999999999 -0.8594351981160756
2.064933024875568 1.2370363427078268 3.659999999999999 -0.8701339502488625
2.094000947233649 1.21765772780244 3.6599999999999993 -0.8119981055327018
2.0894267157634707 1.2207963805971729 3.679999999999999 -0.8211465684730578
2.1187690920097624 1.201234796432979 3.6799999999999993 -0.7624618159804757
2.1149773239061513 1.2055471442775634 3.6999999999999993 -0.7700453521876961
2.1445472062386597 1.185833889389225 3.6999999999999993 -0.7109055875226808
2.1415439683305824 1.1913290325271098 3.719999999999999 -0.7169120633388342
2.1712940449375755 1.1714956481224483 3.719999999999999 -0.6574119101248497
2.1690841424056844 1.1781807943246128 3.7399999999999993 -0.66183171518863
2.1989668131645908 1.1582590138186757 3.7399999999999993 -0.6020663736708187
2.197553781852937 1.1661394668511964 3.759999999999999 -0.6048924362941241
2.227521234490543 1.1461611650927932 3.759999999999999 -0.5449575310189144
2.2269073352492255 1.155240316230818 3.779999999999999 -0.5461853295015476
2.25691162184131 1.1352374585027623 3.7799999999999994 -0.4861767563173799
2.257097836909115 1.1455167811044704 3.799999999999999 -0.48580432618176866
2.2870909505971313 1.1255213719791268 3.799999999999999 -0.42581809880573757
2.2880769820299496 1.1370004191283556 3.8199999999999985 -0.42384603594009884
2.318010933831997 1.1170444512603248 3.819999999999999 -0.36397813233600607
2.3197952039795364 1.1297208564816354 3.839999999999999 -0.3604095920409249
2.349622099572732 1.1098362594195064 3.839999999999999 -0.30075580085453696
2.352201753602756 1.1237057404645447 3.8599999999999985 -0.2955964927944854
2.38187386995415 1.1039243295636167 3.8599999999999994 -0.23625226009170058
2.3852447804202117 1.1189806952627108 3.879999999999999 -0.22951043915957478
2.414714642143642 1.0993341207804253 3.879999999999999 -0.17057071571271748
2.4188714155889945 1.1155692809484565 3.899999999999999 -0.16225716882200883
2.4480918709057033 1.096088977403985 3.8999999999999995 -0.10381625818859404
2.453027856492835 1.1134929557846847 3.919999999999999 -0.09394428701432767
2.481952152674316 1.0942100916636985 3.919999999999999 -0.036095694651368845
2.487659452826287 1.1127710418916572 3.9399999999999986 -0.024681094347423577
2.51624131099865 1.09371646977675 3.9399999999999995 0.03248262199729854
2.522710794035217 1.1134206943316032 3.959999999999999 0.04542158807043639
2.5509044832253855 1.0946249015381588 3.959999999999999 0.10180896645077024
2.5581257979736907 1.1154568736606185 3.9799999999999986 0.11625159594738366
2.5858862082789607 1.0969499334571065 3.979999999999999 0.1717724165579207
2.593847800635406 1.118892321991777 3.999999999999999 0.1876956012708151
2.6211305153992894 1.1007038454825226 3.999999999999999 0.24226103079857847
2.6298196468161055 1.1237375426077485 4.019999999999999 0.2596392936322133
2.6565810136949795 1.1058966313551668 4.019999999999999 0.3131620273899585
2.665983781561899 1.1300007831555476 4.039999999999999 0.3319675631237999
2.6921809823687575 1.1125359826176429 4.039999999999999 0.38436196473751466
2.702282342257193 1.1376880224502979 4.059999999999999 0.40456468451438843
2.7278734614707454 1.1206272763079306 4.059999999999999 0.4557469229414908
2.738657251204876 1.1468029609091277 4.079999999999998 0.4773145024097539
2.7636013430343804 1.1301735663561256 4.079999999999998 0.5272026860687605
2.775050308550631 1.157347014630503 4.099999999999999 0.5501006171012638
2.79930746244916 1.141175578698151 4.099999999999999 0.5986149248983202
2.811403285402705 1.1693193131284694 4.119999999999998 0.6228065708054117
2.834934689924021 1.1536317101142592 4.119999999999999 0.6698693798480426
2.8476580169981345 1.1827167007254302 4.139999999999999 0.695316033996271
2.8704260218950037 1.1675380307941847 4.139999999999999 0.7408520437900081
2.883756495766367 1.1975337416012304 4.159999999999998 0.7675129915327361
2.9057246722309547 1.1828882906248395 4.159999999999998 0.8114493444619096
2.9196409641413736 1.2137627284904686 4.179999999999999 0.839281928282749
2.9407741630913358 1.1996739291904945 4.179999999999999 0.8815483261826721
2.9552540069737536 1.231393695014122 4.199999999999998 0.9105080139475094
2.9755184152907708 1.2178840894694447 4.199999999999999 0.9510368305815423
2.990538643394976 1.2504144316257528 4.219999999999999 0.9810772867899538
3.0099018380257405 1.2375056352052438 4.219999999999999 1.019803676051482
3.025438417986766 1.2708105051467824 4.239999999999998 1.0508768359735343
3.0438694178198693 1.2585231719247145 4.239999999999999 1.0877388356397393
3.059897491109777 1.2925652818595772 4.259999999999998 1.1197949822195572
3.077366806545486 1.2809190715691057 4.259999999999999 1.154733613090973
3.0938607282470127 1.3156599541213967 4.2799999999999985 1.1877214564940286
3.11034040838063 1.3046735006989862 4.279999999999999 1.2206808167612613
3.1272737882190533 1.340073570456622 4.299999999999999 1.2545475764381098
3.142737465562365 1.3297644522277485 4.299999999999999 1.2854749311247315
3.1600832101299434 1.3657830690791166 4.3199999999999985 1.32016642025989
3.1745061427992005 1.3561677806329464 4.319999999999999 1.3490122855984021
3.1922364989046255 1.3927633147910847 4.339999999999999 1.3844729978092543
3.205595610207557 1.3838572405891314 4.34 1.4111912204151154
3.22368220928106 1.4209871391993871 4.359999999999999 1.4473644185621237
3.2359561246395816 1.412804528960374 4.359999999999999 1.4719122492791643
3.2543700281226453 1.4504253841849704 4.379999999999999 1.5087400562452937
3.265539109272183 1.4429793300852798 4.379999999999999 1.5310782185443665
3.284250854919234 1.4810469485558577 4.399999999999999 1.5685017098384713
3.2942972313299483 1.474349364282049 4.3999999999999995 1.5885944626598978
3.3132768803479524 1.5128188378090557 4.419999999999999 1.6265537606959073
3.322184477817586 1.5068804394959672 4.419999999999999 1.6443689556351733
3.3414016627681136 1.5457062169217592 4.4399999999999995 1.6828033255362298
3.3491562291407155 1.5405365060066918 4.4399999999999995 1.6983124582814324
3.3685802025278457 1.579672466087388 4.459999999999999 1.7371604050556944
3.37516933049722 1.5752797141078057 4.459999999999999 1.7503386609944414
3.3947690139635336 1.6146792393072769 4.4799999999999995 1.7895380279270698
3.400182160924929 1.6110704746663471 4.4799999999999995 1.8003643218498593
3.4199261949768798 1.650686525744274 4.499999999999999 1.839852389953762
3.424154699895158 1.6478675224654225 4.5 1.8483093997903173
3.444011494078263 1.6876527137400803 4.52 1.8880229881565282
3.447048591345555 1.685627982228553 4.52 1.8940971826911108
3.466986374789121 1.7255346573939025 4.539999999999999 1.933972749578244
3.4688272050497986 1.7243074372201177 4.539999999999999 1.9376544100995985
3.4888140773003165 1.7642877455958945 4.559999999999999 1.9776281546006345
3.489455695225963 1.7638600003121303 4.559999999999999 1.9789113904519269
3.5094596772878313 1.8038659734049332 4.579999999999999 2.018919354575664
3.5089010562897656 1.8042383874036436 4.579999999999999 2.017802112579532
3.5288901417916856 1.8442220156565239 4.6 2.0577802835833725
3.5271321756635046 1.8453939930753112 4.599999999999999 2.05426435132701
3.547074382068673 1.885307302683064 4.619999999999999 2.0941487641373477
3.544119883556182 1.8872769683580581 4.619999999999999 2.088239767112365
3.5639833033343504 1.9270720980253113 4.64 2.127966606668703
3.5598369996351695 1.9298363004914323 4.639999999999999 2.11967399927034
3.5795898513146933 1.9694655780107182 4.659999999999999 2.1591797026293884
3.5742583765147407 1.97301989454402 4.659999999999999 2.1485167530294826
3.5938690555329327 2.012435913071308 4.68 2.1877381110658667
3.587360939991888 2.0167746567653375 4.68 2.174721879983778
3.6067980692623194 2.0559303506709834 4.699999999999999 2.2135961385246397
3.599123725965049 2.06104657953583 4.699999999999999 2.1982474519300994
3.618356206080886 2.099895299709585 4.719999999999999 2.2367124121617734
3.6095279139766654 2.1057808277790655 4.719999999999999 2.2190558279533326
3.6285249729697235 2.144276416268652 4.739999999999999 2.257049945939448
3.6185568573259195 2.1509218266978545 4.739999999999999 2.2371137146518403
3.6372880999018093 2.189018690561689 4.76 2.2745761998036196
3.626196109703452 2.196413350693927 4.759999999999999 2.252392219406905
3.6446315658740525 2.234066534949827 4.779999999999999 2.2892631317481054
3.632433448305459 2.242198613328889 4.779999999999999 2.264866896610919
3.650543621340897 2.2793638728820453 4.8 2.301087242681794
3.637258893390177 2.288220358182525 4.799999999999999 2.2745177867803554
3.655014807013596 2.3248542286176526 4.82 2.310029614027192
3.640664724245471 2.334420950463069 4.819999999999999 2.2813294484909434
3.6580379689950733 2.3704808175874716 4.84 2.3160759379901465
3.642645491541972 2.380742469222872 4.839999999999999 2.2852909830839456
3.6596082702261583 2.4161866372491505 4.86 2.3192165404523166
3.643198026052006 2.427126800031918 4.8599999999999985 2.2863960521040134
3.6597231982248815 2.4619145582912307 4.88 2.3194463964497634
3.6423214437203564 2.4735157279609132 4.879999999999999 2.284642887440715
3.658382569106445 2.5076074160400452 4.9 2.31676513821289
3.640017147078755 2.519851030725171 4.899999999999999 2.2800342941575114
3.655588527877438 2.5532081019231954 4.92 2.3111770557548765
3.636288823001827 2.5660745718402684 4.919999999999999 2.2725776460036555
3.6513455450038275 2.5986596548432686 4.94 2.302691090007655
3.6311424368080965 2.6121283936404214 4.939999999999999 2.2622848736161942
3.6456604092582108 2.6439053523155924 4.96 2.291320818516421
3.6245862227154726 2.6579548100107497 4.959999999999998 2.249172445430947
3.638542216857781 2.6888888012242114 4.98 2.277084433715561
3.6166306706665043 2.703496498685061 4.979999999999999 2.23326134133301
3.6300023569103783 2.7335540280508717 5.000000000000001 2.260004713820756
3.6072885095444693 2.748696592961476 4.999999999999998 2.2145770190889404
3.6200544931919194 2.7778455684326504 5.0200000000000005 2.240108986383838
3.5965746868071635 2.793498772689153 5.019999999999999 2.1931493736143284
3.6087145422843534 2.821708555904937 5.04 2.2174290845687055
3.584506344570966 2.837847354380527 5.039999999999999 2.1690126891419332
3.5960006481091322 2.8650888096877756 5.0600000000000005 2.192001296218263
3.571102792183455 2.8816873803048924 5.059999999999999 2.142205584366911
3.5819331528969367 2.9079329213751137 5.08 2.1638663057938716
3.5563854753284505 2.92496470642077 5.079999999999999 2.112770950656902
3.566534564640106 2.9501883403882516 5.1 2.13306912928021
3.5403779417129204 2.9676260890063744 5.1 2.0807558834258417
3.549829521079851 2.9918034580567685 5.12 2.0996590421597
3.5231058033906497 3.0096192698495683 5.119999999999999 2.0462116067813003
3.5318447502858685 3.0327276901923943 5.14 2.063689500571735
3.5045966957829537 3.050893059861003 5.14 2.009193391565909
3.5126090278914286 3.0729115580237125 5.16 2.0252180557828545
3.4848802334620053 3.0913974209766604 5.16 1.9697604669240119
3.4921531310523624 3.1123067673621927 5.18 1.9843062621047216
3.4639879627675176 3.131083546218755 5.18 1.9279759255350364
3.470509789203612 3.1508662858728935 5.2 1.9410195784072213
3.4419533113326017 3.1699039377868994 5.2 1.8839066226652048
3.447713631692136 3.1885444183261975 5.22 1.8954272633842693
3.418811534599554 3.207812483054585 5.220000000000001 1.837623069199109
3.423801132369953 3.2252968797101795 5.239999999999999 1.8476022647399024
3.3945996594111465 3.244764528349383 5.24 1.7891993188222945
3.3988105512359774 3.2610808660866253 5.26 1.7976211024719517
3.3693564247676813 3.280716950398822 5.26 1.7387128495353645
3.3727818732200245 3.2958551230773327 5.279999999999999 1.745563746440046
3.343122219844588 3.3156282253276226 5.279999999999999 1.6862444396891778
3.34575674420692 3.3295800118711165 5.3 1.691513488413836
3.3159390193697433 3.349458495095899 5.299999999999999 1.6318780387394884
3.317778404403084 3.3622175726459065 5.32 1.635556808806164
3.2878503164639072 3.3821696312720224 5.319999999999999 1.575700632927816
3.2888916191522033 3.393731585304463 5.340000000000001 1.5777832383044021
3.2589010530517286 3.4137252960381104 5.339999999999999 1.517802106103459
3.259142607310679 3.424087627426532 5.360000000000001 1.5182852146213532
3.229137547954667 3.4440910003305376 5.359999999999999 1.4582750959093365
3.2285789672974574 3.453253129344719 5.380000000000001 1.4571579345949102
3.1986074227808783 3.473234159022436 5.379999999999999 1.397214845561759
3.19724960093656 3.4811974262559544 5.400000000000001 1.3944992018731153
3.16735952573064 3.501124143059898 5.3999999999999995 1.3347190514612828
3.165204635214164 3.50789180728518 5.420000000000001 1.3304092704283235
3.135443853439233 3.5277323284684647 5.42 1.2708877068784685
3.1324953420754253 3.533309561422749 5.440000000000001 1.2649906841508463
3.102911470982323 3.5530321421514817 5.4399999999999995 1.2058229419646487
3.099174056389366 3.5574260202620422 5.460000000000001 1.1983481127787277
3.0698144301718413 3.576999104407056 5.459999999999999 1.1396288603436853
3.065294092213084 3.580218597468916 5.480000000000001 1.1305881844261632
3.036205686273085 3.5996108680955796 5.48 1.072411372546172
3.0309096574892607 3.6016668249198394 5.500000000000001 1.061819314978517
3.0021390132762913 3.6208472543951498 5.5 1.0042780265525848
2.996075767313455 3.621752385450891 5.520000000000001 0.9921515346269049
2.967668917858256 3.640690285087688 5.52 0.9353378357165135
2.960848155909947 3.6404591421652213 5.540000000000001 0.9216963118198898
2.932850552171647 3.6591242113240856 5.539999999999999 0.8657011043432958
2.9252831874569836 3.657773164252087 5.5600000000000005 0.8505663749139629
2.8977396256015635 3.676135538822365 5.56 0.7954792512031289
2.889437765904089 3.67368274927615 5.580000000000001 0.7788755318081737
2.8623923156305175 3.6917130494585284 5.579999999999999 0.724784631261037
2.853369243925748 3.688178441901371 5.600000000000001 0.7067384878514914
2.826865177954463 3.7058478192155584 5.6 0.6537303559089274
2.8171353311571257 3.701253049019549 5.620000000000001 0.6342706623142467
2.791215055993681 3.7185332324618434 5.62 0.5824301119873635
2.780794001858652 3.7129016512592963 5.640000000000001 0.5615880037172992
2.7554989899433093 3.7297649925361895 5.640000000000001 0.5109979798866198
2.7444034021572046 3.723121610857029 5.660000000000001 0.48880680431440404
2.719774125509028 3.7395411286224776 5.66 0.4395482510180575
2.7080217570123053 3.73191257587739 5.6800000000000015 0.4160435140246058
2.684097622473933 3.7478619989029696 5.68 0.3681952449478664
2.6717072770561865 3.7392764807763474 5.700000000000001 0.3434145541123682
2.648526563242879 3.754730289985217 5.7 0.29705312648575866
2.635518065456778 3.7452175433060626 5.7200000000000015 0.27103613091355083
2.6131178615106365 3.760151012603488 5.72 0.2262357230212737
2.5995120249526384 3.749742257766488 5.740000000000001 0.19902404990527178
2.577928171199977 3.7641314936015933 5.739999999999999 0.15585634239995472
2.563746765208575 3.7528593846144873 5.760000000000002 0.12749353041714429
2.5430137958153973 3.766681364209936 5.76 0.08602759163079579
2.528279510640177 3.754579936447103 5.780000000000001 0.05655902128034937
2.508430598357513 3.767812544635543 5.779999999999999 0.0168611967150276
2.4931670088547553 3.7549171603814036 5.800000000000001 -0.013665982290494108
2.4742339119422567 3.7675392249897333 5.8 -0.051532176115484635
2.458465439855166 3.753886516859094 5.820000000000001 -0.08306912028967278
2.440478451267893 3.7658778425839396 5.819999999999999 -0.1190430974642121
2.4242303261518083 3.7515056549098094 5.840000000000001 -0.151539347696388
2.4072182250715004 3.762847055630012 5.84 -0.18556354985699683
2.390516443926608 3.7477943839126695 5.860000000000001 -0.218967112146789
2.3745064497149935 3.758467713387076 5.859999999999999 -0.2509871005700104
2.357377735391125 3.7427746419012693 5.880000000000001 -0.2852445292177551
2.3423954640389426 3.7527628228027208 5.879999999999999 -0.3152090719221119
2.324867222479016 3.736470460462827 5.900000000000001 -0.3502655550419728
2.3109366456204294 3.7457575117018815 5.8999999999999995 -0.378126708759138
2.293036922010941 3.7289079262876443 5.920000000000001 -0.4139261559781234
2.2801803285689237 3.737478988582319 5.919999999999999 -0.4396393428621495
2.261937762467648 3.7201151394304013 5.94 -0.4761244750647089
2.250175722991708 3.7279564990810248 5.9399999999999995 -0.4996485540165816
2.231619502504407 3.7101221683500696 5.960000000000001 -0.5367609949911909
2.220970836257705 3.717221279181201 5.96 -0.5580583274845872
2.2021306513371592 3.698961001800378 5.98 -0.595738697325687
2.19261239618569 3.7053065052346876 5.98 -0.6147752076286174
2.1735183911277716 3.6866654976478053 6.0 -0.652963217744462
2.1651457762797777 3.6922472408797984 6.0 -0.6697084474404418
2.1458285014925798 3.6732713286989966 6.0200000000000005 -0.7083429970148458
2.1386149231318177 3.6780803809395013 6.02 -0.7227701537363616
2.1191052862549995 3.6588159256242694 6.04 -0.7617894274900059
2.113062286106847 3.662844592389701 6.039999999999999 -0.7738754277863031
2.0933915025594114 3.6433384170685432 6.0600000000000005 -0.813216994881182
2.088528749424105 3.6465802524920776 6.0600000000000005 -0.8229425011517866
2.068728292459728 3.6268795670455076 6.08 -0.8625434150805482
2.065053566742285 3.629329384190467 6.08 -0.8698928665154272
2.0451551170921096 3.609481709715199 6.1000000000000005 -0.9096897658157855
2.0426742983536768 3.611135588874151 6.1000000000000005 -0.9146514032926432
2.0227096935371436 3.5911886816493466 6.120000000000001 -0.9545806129257176
2.021426751087703 3.5920439766156367 6.12 -0.9571464978245908
2.001427934472518 3.5720457516928548 6.140000000000001 -0.9971441310549686
2.0013449210199887 3.5721010939945375 6.140000000000001 -0.9973101579600192
1.9813438907127365 3.552099548533654 6.16 -1.0373122185745316
1.9824609390786425 3.551354849623047 6.16 -1.0350781218427114
1.9624896967278147 3.5313979860968 6.180000000000001 -1.0750206065443753
1.9648050196347706 3.529854437492159 6.18 -1.0703899607304554
1.9448955192281283 3.5099901868821908 6.2 -1.110208961543748
1.948405412159483 3.5076502582612843 6.2 -1.1031891756810306
1.928589508897677 3.48792640336857 6.22 -1.1428209822046507
1.93328835602474 3.4847938386171915 6.220000000000001 -1.1334232879505162
1.9135977553529893 3.4652579376095596 6.24 -1.172804489294026
1.9194780385203576 3.461337748831311 6.240000000000001 -1.1610439229592808
1.8999442453997368 3.442037059150374 6.26 -1.2001115092005308
1.9069965561543427 3.4373355186473002 6.260000000000001 -1.1860068876913108
1.8876508246538448 3.418316921396548 6.28 -1.2246983506923148
1.8958638792984808 3.412841551633454 6.28 -1.2082722414030347
1.8767371625885068 3.3941514765684873 6.300000000000001 -1.2465256748229911
1.8860978202357412 3.387911038136994 6.3 -1.2278043595285137
1.867220721063027 3.369595389377917 6.32 -1.2655585578739506
1.8777140046606247 3.3625998669795147 6.319999999999999 -1.2445719906787471
1.8591167263838464 3.344703949564342 6.34 -1.2817665472323116
1.870725846678051 3.3369645360348685 6.34 -1.2585483066438945
1.8524381449424516 3.319532983431464 6.36 -1.2951237101151012
1.8651445273407925 3.3110620618325664 6.359999999999999 -1.2697109453184117
1.847195662469149 3.294138764525096 6.380000000000001 -1.3056086750617064
1.8609789767597886 3.284949888331332 6.379999999999999 -1.2780420464804194
1.8433976669358958 3.2685779235954877 6.400000000000001 -1.313204666128213
1.8582358598159692 3.258685795008768 6.3999999999999995 -1.2835282803680583
1.841050235135545 3.2429073579881265 6.420000000000001 -1.3178995297289144
1.856919565496444 3.2323278044141897 6.419999999999999 -1.2861608690071085
1.8401571229589775 3.2171841406079844 6.440000000000001 -1.3196857540820497
1.8570321998721246 3.2059340893325485 6.4399999999999995 -1.2859356002557472
1.8407197593856754 3.1914654286028696 6.460000000000001 -1.3185604812286535
1.8585735827280099 3.1795628797079756 6.459999999999999 -1.2828528345439767
1.8427372441973564 3.1658083719119903 6.480000000000001 -1.3145255116052916
1.8615412478515303 3.1532723694758698 6.4799999999999995 -1.2769175042969358
1.8462063494183216 3.1402700218260517 6.500000000000002 -1.3075873011633612
1.8659304469784883 3.1271206234526026 6.499999999999999 -1.2681391060430198
1.8511215244802175 3.1149072397051913 6.520000000000002 -1.2977569510395695
1.8717341573902806 3.101165484431811 6.52 -1.256531685219435
1.857474905102945 3.0897766060008025 6.540000000000002 -1.2850501897941145
1.8789430931502484 3.0754644806359286 6.539999999999999 -1.2421138136994991
1.865256325877508 3.0649343297268126 6.560000000000002 -1.2694873482449889
1.887545719961176 3.0500747336710288 6.559999999999999 -1.2249085600776441
1.8744533365306668 3.0404361585252597 6.580000000000002 -1.2510933269386713
1.8975282736201657 3.0250528671322554 6.579999999999999 -1.2049434527596647
1.8850512218453765 3.0163372894700666 6.600000000000002 -1.2298975563092518
1.9088747820413632 3.0004549160060705 6.6 -1.18225043591727
1.8970330252051337 2.9926922807517213 6.620000000000003 -1.2059339495897374
1.9215670908112943 2.9763362370142756 6.619999999999999 -1.1568658183774077
1.9103795757245627 2.969554964384173 6.640000000000002 -1.1792408485508796
1.9355848922359273 2.952751420043258 6.639999999999999 -1.1288302155281413
1.9250695189228324 2.94697836007361 6.660000000000002 -1.1498609621543403
1.950905757832983 2.929754200800171 6.659999999999998 -1.0981884843340302
1.9410793508908255 2.9250145903869296 6.680000000000002 -1.117841298218354
1.9675051742175058 2.907397374835804 6.679999999999999 -1.0649896515649844
1.9583834558973934 2.90371479735563 6.700000000000002 -1.0832330882052186
1.9853565823232806 2.8857327130717 6.699999999999999 -1.0292868353534346
1.9769541473745254 2.883129060648561 6.720000000000002 -1.0460917052509546
2.004431419897338 2.8648108789666806 6.719999999999999 -0.9911371602053194
1.996761712215858 2.863306317444455 6.740000000000002 -1.0064765755682892
2.02469916719956 2.8446813474553148 6.739999999999998 -0.9506016656008757
2.0177744583176453 2.8442942841324372 6.7600000000000025 -0.9644510833647144
2.0461273958342625 2.8253923257880205 6.759999999999999 -0.9077452083314705
2.0399587652861246 2.8261393799658077 6.780000000000002 -0.9200824694277561
2.0686818206356303 2.806990676399465 6.7799999999999985 -0.8626363587287351
2.063279138230146 2.808886652791233 6.800000000000002 -0.8734417235397134
2.092326354523981 2.789521841928671 6.799999999999999 -0.8153472909520336
2.087698264552999 2.7925797069721923 6.820000000000002 -0.8246034708940071
2.1170231662450933 2.7730297725107906 6.8199999999999985 -0.7659536675098089
2.1131770736525675 2.7772606336219963 6.8400000000000025 -0.7736458526948704
2.1427327409002137 2.7575568554568934 6.839999999999999 -0.7145345181995685
2.1396747994342915 2.762969943258005 6.860000000000003 -0.720650401131422
2.1694139431698938 2.743143847434265 6.8599999999999985 -0.6611721136602088
2.1671490455369207 2.749746500984801 6.880000000000003 -0.6657019089261632
2.197024083130502 2.7298298092557416 6.879999999999999 -0.6059518337389928
2.1955558531666908 2.737627464310021 6.900000000000002 -0.6088882936666226
2.225518984558101 2.717652043382409 6.899999999999999 -0.5489620308837944
2.224849771431394 2.726648223692345 6.920000000000003 -0.5503004571372153
2.254853055610407 2.7066460342396645 6.919999999999998 -0.49029388877918184
2.2549839300618078 2.716842345916761 6.940000000000002 -0.49003213987638855
2.2849793617737366 2.6968453914421366 6.939999999999998 -0.43004127645252266
2.285910114404122 2.708241520387711 6.960000000000003 -0.4281797711917596
2.3158497009582284 2.6882817960183014 6.959999999999997 -0.36830059808353943
2.31757884256339 2.70087550842604 6.980000000000002 -0.3648423148732238
2.3474146806211866 2.680984949720837 6.979999999999999 -0.3051706387576225
2.3499394445745563 2.6947720956508876 7.000000000000002 -0.3001211108508909
2.3796237967951512 2.6749825275038193 6.999999999999998 -0.24075240640969342
2.3829401434744035 2.689957047522694 7.020000000000003 -0.2341197130511965
2.4124255148942435 2.670300133242795 7.019999999999998 -0.17514897021150883
2.4165281381446917 2.6864540681184637 7.040000000000003 -0.1669437237106202
2.445767352169505 2.6669612587685827 7.039999999999997 -0.10846529566098581
2.4506496877939483 2.684284762205244 7.060000000000003 -0.09870062441210689
2.4795959616812953 2.6649872462803406 7.059999999999998 -0.040808076637405225
2.485250197942735 2.683468600672496 7.080000000000004 -0.029499604114534214
2.5138572176543956 2.66439725419805 7.079999999999998 0.027714435308795207
2.520274307774813 2.684022889378672 7.100000000000003 0.04054861554962172
2.548496302079249 2.6652082265090424 7.099999999999998 0.09699260415850157
2.555665978714451 2.685962741461842 7.120000000000003 0.11133195742889825
2.5834577924207753 2.6674348656576203 7.119999999999997 0.16691558484155433
2.5913685840881464 2.6893010531586734 7.140000000000004 0.18273716817628854
2.6186857502944285 2.6710896090211462 7.139999999999998 0.2373715005888606
2.6273249997273007 2.6940484831704508 7.160000000000004 0.25464999945459676
2.6541238109676106 2.676182609010238 7.159999999999998 0.3082476219352247
2.663477695366891 2.700213435609155 7.180000000000003 0.32695539073377766
2.6897152735432446 2.6827217168249136 7.179999999999998 0.37943054708649243
2.6997688266938944 2.707802046550885 7.200000000000004 0.39953765338778446
2.725403191681209 2.690712469892669 7.1999999999999975 0.4508063833624218
2.7361403278981875 2.716818174218133 7.220000000000003 0.47228065579637085
2.7611304647124837 2.7001580830085965 7.219999999999997 0.5222609294249713
2.7725340045778437 2.7272633928066328 7.240000000000004 0.545068009155683
2.7968399290002184 2.71105944319171 7.2399999999999975 0.5936798580004408
2.8088916268501753 2.739136989966642 7.260000000000003 0.617783253700346
2.832474449401553 2.723415108265717 7.259999999999997 0.6649488988031096
2.8451550225195468 2.752435967942704 7.280000000000004 0.6903100450390885
2.8679770106838447 2.7372213091664985 7.279999999999997 0.7359540213676934
2.8812661701528866 2.767155048370058 7.300000000000004 0.7625323403057686
2.9032908087490426 2.752471955972614 7.299999999999996 0.8065816174980889
2.917167291913982 2.78328668072002 7.320000000000004 0.8343345838279593
2.938359341520242 2.769158647649173 7.319999999999997 0.8767186830404875
2.952800946008015 2.8008210543808296 7.340000000000004 0.9056018920160254
2.973126499345009 2.7872706854894935 7.339999999999996 0.9462529986900213
2.988110118588435 2.81974611435463 7.360000000000005 0.9762202371768658
3.0075366547708238 2.806795090233031 7.359999999999997 1.015073309541651
3.0230383149791136 2.840047580545463 7.380000000000004 1.0460766299582231
3.041534751549005 2.8277166228321953 7.379999999999996 1.0830695030980142
3.0575296500658258 2.8617089706074235 7.400000000000004 1.1150593001316473
3.0750663927247084 2.8500178088348282 7.399999999999996 1.1501327854494205
3.0915289377124324 2.884711626316412 7.420000000000004 1.1830578754248608
3.108077927672052 2.8736789663433253 7.419999999999996 1.2161558553441079
3.1249817790586993 2.909034743423294 7.440000000000005 1.2499635581173947
3.1405165379351203 2.898678237505673 7.439999999999996 1.2810330758702446
3.157834649558472 2.934655404940699 7.460000000000004 1.3156692991169407
3.1723303217374923 2.9249916234880122 7.459999999999996 1.3446606434749888
3.1900349846189515 2.9615486178101986 7.480000000000004 1.3800699692378997
3.2034683770250845 2.95259302287277 7.479999999999996 1.4069367540501732
3.2215312637040405 2.989687352891202 7.5000000000000036 1.443062527408078
3.2338808829094363 2.9814542734209315 7.499999999999996 1.467761765818877
3.252273092767203 3.0190425882075798 7.520000000000005 1.5045461855344033
3.263519179381133 3.0115451971316194 7.519999999999995 1.527038358762271
3.2822112848819383 3.049583355382825 7.5400000000000045 1.5644225697638736
3.29233584516582 3.042833648526897 7.539999999999996 1.5846716903316451
3.311297938940862 3.081276789189458 7.560000000000004 1.6225958778817218
3.320284773598242 3.0752855660845313 7.559999999999995 1.6405695471964887
3.3394865162974807 3.114088180133388 7.5800000000000045 1.678973032594959
3.3473212463929065 3.1088650267364306 7.579999999999996 1.694642492785818
3.3667319152280233 3.1479810299891042 7.600000000000004 1.7334638304560444
3.373402005193342 3.1435343033455516 7.599999999999996 1.7468040103866898
3.3929905430942013 3.182917110196838 7.6200000000000045 1.7859810861884
3.398485320785469 3.1792539250693195 7.619999999999996 1.796970641570943
3.4182203860914284 3.218856523028257 7.640000000000004 1.8364407721828542
3.4225310598643386 3.2159827405129766 7.639999999999995 1.8450621197286827
3.4423810764709093 3.2557577654228305 7.660000000000004 1.884762152941816
3.4455007492474254 3.253677983571813 7.659999999999996 1.8910014984948564
3.465433957128037 3.2935777953927277 7.680000000000004 1.9308679142560707
3.4673576374317165 3.2922953418569345 7.679999999999996 1.9347152748634384
3.4873421434537595 3.3322721008899965 7.700000000000005 1.9746842869075159
3.488066753396117 3.331789027595085 7.699999999999996 1.9761335067922388
3.508070582349956 3.3717947710258414 7.720000000000004 2.016141164699909
3.5075949625550833 3.372111850889083 7.719999999999996 2.0151899251101715
3.5275861083143925 3.4120985695280446 7.740000000000004 2.0551722166287822
3.5259110197739614 3.413215295221659 7.739999999999996 2.051822039547928
3.545857496505526 3.453135010319003 7.760000000000003 2.0917149930110495
3.5429856193612013 3.4550495950818796 7.759999999999996 2.085971238722408
3.5628555127022508 3.494854435093451 7.780000000000004 2.125711025404499
3.5587914419574633 3.4975638155899698 7.779999999999996 2.117582883914932
3.578552960078652 3.5372060927717497 7.800000000000003 2.157105920157301
3.5733031982465935 3.5407059339931157 7.799999999999996 2.1466063964931923
3.5929247227189274 3.5801382207016137 7.820000000000004 2.1858494454378516
3.586497669418529 3.5844229229018727 7.819999999999996 2.1729953388370635
3.6059478058028525 3.623598127478355 7.840000000000003 2.211895611605702
3.598353744319395 3.628660835133987 7.839999999999996 2.196707488638795
3.617601372397493 3.667532277251131 7.860000000000004 2.2352027447949827
3.6088524532293498 3.6733648900298865 7.859999999999996 2.217704906458705
3.6278667767962975 3.711886375380305 7.8800000000000034 2.2557335535925915
3.6179769982141377 3.7184795611017383 7.879999999999996 2.2359539964282806
3.636727594352228 3.7566054553088706 7.900000000000004 2.2734551887044523
3.6257127800017828 3.7639486648758274 7.899999999999996 2.2514255600035713
3.6441696477571948 3.801633966508942 7.9200000000000035 2.288339295514386
3.6320474213414253 3.8097154507861153 7.919999999999996 2.264094842682856
3.65018102972575 3.8469158633625993 7.940000000000004 2.3003620594514964
3.6369707868069217 3.8557226919751453 7.939999999999997 2.273941573613848
3.6547521220467445 3.892394694834876 7.960000000000004 2.3095042440934845
3.640474999013527 3.901912776857015 7.959999999999996 2.2809499980270584
3.657875610972464 3.9380136947954174 7.980000000000004 2.315751221944923
3.6425544512217103 3.9482278012959133 7.979999999999996 2.285108902443425
3.6595464989206272 3.983715872844286 8.000000000000004 2.31909299784125
3.643205816307939 3.9946096612527384 7.9999999999999964 2.286411632615882
