1.0 -1.0 -1.0 -1.0
1.02 -1.02 -0.98 -0.96
1.0212 -1.0192 -0.9800000000000002 -0.9576
1.041168 -1.039152 -0.9600000000000002 -0.9176639999999999
1.0435660800000002 -1.03755328 -0.96 -0.91286784
1.0634701312000001 -1.0574093568 -0.9400000000000002 -0.8730597375999999
1.0670624542720002 -1.055014474752 -0.94 -0.865875091456
1.08687071019008 -1.07472685862912 -0.9200000000000004 -0.8262585796198398
1.091651528617165 -1.071539646344397 -0.9200000000000002 -0.8166969427656704
1.1113322960438559 -1.0910607974844335 -0.9000000000000004 -0.7773354079122881
1.1172939605165424 -1.0870863545026426 -0.8999999999999999 -0.7654120789669158
1.1368157502239615 -1.106369039063772 -0.8800000000000006 -0.7263684995520766
1.1439487220790934 -1.101613724493684 -0.8799999999999999 -0.712102555841814
1.1632802992037088 -1.1206110901806081 -0.8600000000000003 -0.6734394015925819
1.1715731656863178 -1.1150825125255357 -0.8599999999999999 -0.6568536686273654
1.1906835997047303 -1.1337481635531554 -0.8400000000000003 -0.618632800590539
1.200123092228444 -1.1274551685373464 -0.8399999999999996 -0.5997538155431129
1.2189818064462241 -1.1457432398640177 -0.8200000000000003 -0.5620363871075513
1.2295528218230047 -1.1386958962794975 -0.8199999999999998 -0.5408943563539915
1.248129642297404 -1.1565611269910976 -0.8000000000000003 -0.5037407154051915
1.2598152669026486 -1.1487707105876013 -0.7999999999999996 -0.4803694661947037
1.2780804707209081 -1.1661685163149917 -0.7800000000000005 -0.4438390585581834
1.2908620075552482 -1.157647491758765 -0.7799999999999996 -0.4182759848895044
1.3087863703912588 -1.1745340360127818 -0.7600000000000005 -0.38242725921748216
1.3226433689957595 -1.1652960369431145 -0.7599999999999993 -0.35471326200848186
1.3401982118689835 -1.1816283012529514 -0.7400000000000002 -0.31960357626203295
1.3551085010458777 -1.171688108468355 -0.7399999999999991 -0.28978299790824574
1.3722657362077177 -1.1874239612111164 -0.7200000000000004 -0.2554685275845645
1.3882054594943223 -1.1767974790200464 -0.7199999999999993 -0.22358908101135644
1.4049376353685197 -1.1918957428313435 -0.7000000000000004 -0.19012472926296076
1.421881289207576 -1.1805999736053057 -0.6999999999999995 -0.156237421584849
1.438161634312732 -1.1950204912630404 -0.6800000000000004 -0.12367673137453629
1.4560821088580977 -1.1830735082327963 -0.6799999999999995 -0.08783578228380577
1.4718845746420437 -1.1967772069087166 -0.6600000000000004 -0.056230850715912564
1.4907531971344463 -1.1841981252471145 -0.6599999999999995 -0.01849360573110846
1.5060524996519282 -1.1971470790233387 -0.6400000000000003 0.012104999303856626
1.5258390802953798 -1.1839560252610375 -0.6399999999999997 0.05167816059075862
1.5406107406623697 -1.1961135158115235 -0.6200000000000001 0.08122148132473964
1.5612836209278407 -1.1823315956345426 -0.6199999999999994 0.12256724185568049
1.5755040044877515 -1.19366217097441 -0.6000000000000003 0.15100800897550307
1.597030107766817 -1.1793114354550325 -0.5999999999999994 0.19406021553363328
1.6106764619059528 -1.1897809666637373 -0.5800000000000003 0.2213529238119057
1.6330213464333665 -1.1748843769787944 -0.5799999999999996 0.26604269286673227
1.6460718369851046 -1.1844601128064027 -0.5600000000000003 0.29214367397020924
1.6691997509456227 -1.1690415034993902 -0.5599999999999994 0.33839950189124446
1.6816334971250801 -1.177692122768578 -0.5400000000000005 0.3632669942501605
1.7055074358563658 -1.161776163614387 -0.5399999999999996 0.41101487171273066
1.7173045436696557 -1.1694718253343233 -0.5200000000000005 0.4346090873393115
1.7418863088697387 -1.1530839818676009 -0.5199999999999996 0.4837726177394765
1.7530279029443596 -1.1597963729795338 -0.5000000000000004 0.5060558058887196
1.77827816378892 -1.1429628657498265 -0.4999999999999998 0.5565563275778391
1.7887464175743526 -1.148665246427977 -0.4800000000000004 0.5774928351487056
1.814624773646039 -1.1314130090468524 -0.47999999999999976 0.6292495472920773
1.8244029379362268 -1.1360802554821354 -0.4600000000000004 0.6488058758724539
1.8508679838653244 -1.1184368915294034 -0.45999999999999996 0.7017359677306481
1.859940413597403 -1.1220455361275226 -0.4400000000000006 0.7198808271948062
1.8869498053104252 -1.1040392749855072 -0.43999999999999995 0.7738996106208499
1.8953019845968233 -1.1065675439151055 -0.4200000000000004 0.7906039691936467
1.9228125070670294 -1.0882271956016343 -0.41999999999999993 0.8456250141340583
1.9304310724208886 -1.0896550436324244 -0.4000000000000006 0.8608621448417775
1.9583987088123265 -1.0710099527047987 -0.3999999999999999 0.9167974176246523
1.9652714705290806 -1.0713190952799314 -0.3800000000000008 0.9305429410581614
1.9936514726235237 -1.0523990938836354 -0.37999999999999967 0.9873029452470468
1.999767434284426 -1.0515730363749904 -0.36000000000000076 0.9995348685688522
2.0285143940785235 -1.0324083965122584 -0.35999999999999965 1.057028788157046
2.0338637701449165 -1.0304324606118496 -0.34000000000000075 1.067727540289833
2.0629316925029975 -1.0110538457064617 -0.33999999999999964 1.1258633850059938
2.067505923973175 -1.0079151929117296 -0.3200000000000005 1.13501184794635
2.0968483002194667 -0.9883536087475348 -0.3199999999999996 1.1936966004389322
2.1006400683230764 -0.984041260902951 -0.3000000000000005 1.2012801366461527
2.1302099506555847 -0.9643280060146117 -0.2999999999999996 1.2604199013111683
2.1332131885636607 -0.9588328628767276 -0.28000000000000047 1.2664263771273216
2.162963265170654 -0.9389994784720652 -0.2799999999999996 1.3259265303413066
2.165173167702543 -0.9323143322699015 -0.26000000000000045 1.3303463354050868
2.19505583846145 -0.9123925517639635 -0.25999999999999956 1.3901116769228987
2.196468869773102 -0.9045120987314434 -0.24000000000000044 1.392937739546204
2.2264363224107075 -0.8845337969730395 -0.23999999999999955 1.4528726448214142
2.2270502216520236 -0.8754546458350152 -0.22000000000000042 1.4541004433040472
2.2570545082441082 -0.8554517881069585 -0.21999999999999953 1.5141090164882154
2.2568682931763018 -0.8451724655052509 -0.2000000000000004 1.513736586352604
2.2868614068643183 -0.8251770563799065 -0.1999999999999995 1.5737228137286354
2.285875375431498 -0.8136980092306783 -0.18000000000000038 1.5717507508629964
2.3158093272335454 -0.7937420413626466 -0.17999999999999972 1.6316186544670896
2.314025057086004 -0.7810656361413365 -0.16000000000000036 1.628050114172008
2.343851952679199 -0.7611810390792064 -0.1599999999999997 1.6877039053583966
2.341272298649172 -0.7473115580341686 -0.14000000000000035 1.6825445972983446
2.3709444150005656 -0.7275301471332395 -0.13999999999999968 1.7418888300011302
2.367573504534502 -0.712473781434146 -0.12000000000000033 1.7351470090690038
2.3970433662579316 -0.6928272069518594 -0.11999999999999966 1.7940867325158618
2.392886592812576 -0.6765920467838288 -0.10000000000000053 1.7857731856251526
2.4221070481292846 -0.6571117432393564 -0.09999999999999987 1.844214096258568
2.4171710625421503 -0.6397077648586574 -0.08000000000000052 1.834342125084301
2.446095358723631 -0.6204249007376703 -0.07999999999999985 1.8921907174472605
2.4403880585716573 -0.6018639505097122 -0.0600000000000005 1.8807761171433146
2.4689699167440193 -0.5828093783948041 -0.06000000000000005 1.9379398334880376
2.4625004337074494 -0.5631051538399514 -0.04000000000000048 1.9250008674148988
2.4906941228976174 -0.5443093610465061 -0.040000000000000036 1.9813882457952336
2.4834728081493096 -0.5234773889240467 -0.020000000000000462 1.9669456162986194
2.511233218454579 -0.5049704487205336 -0.020000000000000018 2.0224664369091574
2.503271626098131 -0.4830280601858636 -4.440892098500626e-16 2.0065432521962623
2.5305543408620137 -0.4648395836766084 0.0 2.0611086817240265
2.5218652094451954 -0.44180588655138303 0.019999999999999574 2.043730418890391
2.548626576324069 -0.42396497529880056 0.020000000000000018 2.097253152648137
2.5392238084571472 -0.3998608234984203 0.03999999999999959 2.078447616914295
2.5654210092640057 -0.38239602296051467 0.040000000000000036 2.1308420185280106
2.555319649375568 -0.3572439831278601 0.0599999999999995 2.110639298751136
2.58091076858912 -0.34018323698549197 0.05999999999999994 2.1618215371782394
2.5701269788549874 -0.3140075523842953 0.07999999999999952 2.1402539577099757
2.595071070684492 -0.29737815783129246 0.07999999999999996 2.190142141368983
2.583622105168239 -0.2702047095569156 0.09999999999999953 2.167244210336479
2.6078792590667685 -0.25403327362456285 0.09999999999999998 2.215758518133536
2.5957834361132215 -0.22588953919424487 0.11999999999999955 2.1915668722264443
2.619314840634538 -0.21020193618003397 0.12 2.238629681269076
2.606591513560423 -0.18111694556886335 0.1399999999999995 2.213183027120847
2.6293595184572927 -0.16593827563761704 0.13999999999999996 2.258719036914585
2.6160290445859276 -0.13594256483057165 0.15999999999999948 2.232058089171856
2.6379972210505156 -0.12129711385417992 0.15999999999999995 2.2759944421010307
2.624080929140095 -0.09042267598855104 0.17999999999999947 2.2481618582801906
2.645214128090058 -0.07633387668857611 0.17999999999999994 2.290428256180115
2.6307342842076378 -0.04461411086494874 0.19999999999999946 2.2614685684152764
2.650998692524656 -0.03110450532027058 0.19999999999999993 2.3019973850493107
2.6359784644204485 0.0014258368360374751 0.21999999999999945 2.2719569288408983
2.6553416590512144 0.014334633256547387 0.21999999999999992 2.3106833181024276
2.6398050790901864 0.047639503198086026 0.23999999999999944 2.2796101581803745
2.658236078923291 0.05992683642015488 0.23999999999999994 2.316472157846581
2.64220800563338 0.09396894635501765 0.25999999999999945 2.284416011266762
2.6596773210690903 0.10561515664549012 0.25999999999999995 2.319354642138179
2.6431833993675604 0.14035603919778122 0.27999999999999947 2.2863667987351226
2.659663079501179 0.15134249262019256 0.2799999999999999 2.319326159002357
2.6427296996627527 0.18674256237782835 0.29999999999999943 2.2854593993255072
2.6581933770060657 0.1970516806067027 0.2999999999999999 2.3163867540121306
2.6408476324384846 0.23307029745807095 0.3199999999999994 2.281695264876971
2.655270565107743 0.2426855859042421 0.31999999999999984 2.310541130215485
2.637540209002315 0.27928112006238065 0.3399999999999994 2.275080418004632
2.650899320305248 0.28818719426433476 0.3399999999999999 2.301798640610494
2.632812721231742 0.32531709287459054 0.35999999999999943 2.265625442463485
2.6450866365902646 0.33349970311360444 0.3599999999999999 2.290173273180527
2.6266727331071977 0.37112055833820107 0.3799999999999994 2.253345466214397
2.6378418142567366 0.37856661243789236 0.37999999999999984 2.275683628513471
2.619130068609682 0.4166342309084705 0.39999999999999947 2.2382601372193656
2.6291764450203976 0.4233318151822797 0.3999999999999999 2.2583528900407934
2.610196796002391 0.4618012887092864 0.4199999999999995 2.220393592004783
2.619104393472026 0.46773968702237534 0.41999999999999993 2.2382087869440506
2.599887208521496 0.5065654644481674 0.4399999999999995 2.199774417042993
2.6076417748940997 0.5117351753632352 0.43999999999999995 2.215283549788197
2.5882178015069663 0.5508711354439314 0.45999999999999963 2.1764356030139345
2.5948069294763423 0.5552638874235138 0.45999999999999985 2.1896138589526823
2.575207246010026 0.594663412622985 0.47999999999999965 2.150414492020053
2.580620392971423 0.5982721772639149 0.47999999999999987 2.1612407859428435
2.560876358919469 0.6378882283418419 0.49999999999999956 2.12175271783894
2.5651048638377496 0.6407072316206937 0.4999999999999998 2.130209727675496
2.5452480696546416 0.6804924228953518 0.5199999999999996 2.0904961393092845
2.5482851669219357 0.6825171544068793 0.5199999999999998 2.096570333843868
2.5283473834783665 0.7224238295722292 0.5399999999999995 2.056694766956734
2.5301882137390463 0.723651049746014 0.5399999999999998 2.0603764274780896
2.510201341488526 0.763631358121791 0.5599999999999995 2.020402682977053
2.5108429594141746 0.764059103405555 0.5599999999999997 2.0216859188283465
2.4908389773523036 0.8040650764983579 0.5799999999999996 1.9816779547046086
2.49028035635424 0.8036926624996472 0.5799999999999996 1.9805607127084779
2.470291270852318 0.8436762907525275 0.5999999999999996 1.9405825417046367
2.468533304724139 0.84250431333374 0.5999999999999996 1.9370666094482756
2.4485910983189685 0.882417622941493 0.6199999999999997 1.8971821966379374
2.4456365998064795 0.8804479572664987 0.6199999999999997 1.8912731996129561
2.4257731800283087 0.9202430869337521 0.6399999999999997 1.8515463600566175
2.4216268763291295 0.917478884467631 0.6399999999999997 1.843253752658256
2.4018740246496035 0.9571081619869173 0.6599999999999997 1.803748049299207
2.3965425498496526 0.9535538454536152 0.6599999999999997 1.7930850996993026
2.376931870831459 0.9929698639809034 0.6799999999999997 1.753863741662918
2.3704237552904166 0.9886311202868736 0.6799999999999997 1.7408475105808303
2.350986626019984 1.02778681419252 0.6999999999999997 1.701973252039968
2.343312282722716 1.022670585327673 0.6999999999999997 1.6866245654454286
2.324079802606877 1.0615193055014285 0.7199999999999998 1.6481596052137542
2.3152515105026588 1.055633777431948 0.7199999999999995 1.6305030210053144
2.2962544515095993 1.0941293659215348 0.7399999999999998 1.5925089030191983
2.2862863358657974 1.087483955492332 0.7399999999999995 1.5725726717315915
2.267555093289906 1.1255808193561665 0.7599999999999996 1.5351101865798118
2.256463103091551 1.1181861592239282 0.7599999999999996 1.5129262061830981
2.2380276469209486 1.1558393434798284 0.7799999999999996 1.4760552938418976
2.225829529352358 1.147707265100766 0.7799999999999994 1.4516590587047118
2.2077193563169177 1.1848725246539227 0.7999999999999996 1.4154387126338364
2.194434628366201 1.1760160393534427 0.7999999999999992 1.388869256732398
2.17667871474278 1.2126499097885706 0.8199999999999994 1.3533574294855608
2.1623286319746584 1.2030831879431538 0.819999999999999 1.3246572639493122
2.1449553872250537 1.2391430550675568 0.8399999999999994 1.2899107744501084
2.129562909771956 1.228881403432156 0.839999999999999 1.2591258195439077
2.1126001310877673 1.264325571458435 0.8599999999999992 1.2252002621755358
2.0961898869136184 1.2533854086756668 0.8599999999999992 1.1923797738272328
2.0796647147407405 1.2881731669349796 0.8799999999999992 1.1593294294814824
2.062262960236219 1.2765719972652965 0.8799999999999992 1.1245259204724345
2.0462018348501285 1.3106636853444282 0.899999999999999 1.0924036697002586
2.0278364128224418 1.2984200706593017 0.8999999999999992 1.0556728256448802
2.0122650320237563 1.3317771418573259 0.919999999999999 1.0245300640475143
1.9929653271481487 1.318910671940252 0.9199999999999993 0.9859306542962941
1.9779086051461463 1.3514957549432518 0.9399999999999991 0.9558172102922942
1.9577054969504186 1.3380270161460979 0.9399999999999995 0.9154109939008339
1.9431875245003023 1.3698039748212685 0.9599999999999991 0.8863750490006063
1.922113337957568 1.35575451712611 0.9599999999999995 0.8442266759151325
1.908157343815258 1.386688508339571 0.9799999999999989 0.8163146876305174
1.886245797623985 1.3720808108787204 0.9799999999999993 0.7724915952479667
1.872874111380109 1.4021383402445304 0.9999999999999991 0.7457482227602197
1.8501602640142039 1.3869957753339248 0.9999999999999996 0.7003205280284043
1.837394280366752 1.4161447508050986 1.0199999999999994 0.6747885607335057
1.813914473982 1.400491546548595 1.0199999999999996 0.6278289479639964
1.8017746185048082 1.4287013297643785 1.0399999999999991 0.603549237009618
1.7775664207914248 1.4125625312887873 1.0399999999999994 0.555132841582846
1.7660721172532567 1.4398039865960355 1.0599999999999994 0.532144234506515
1.7411742613275834 1.4232054159789176 1.0599999999999994 0.48234852265516315
1.7303439006141 1.4494509570491387 1.0799999999999994 0.46068780122820163
1.7047962230456177 1.4324191720034816 1.0799999999999992 0.409592446091232
1.6946471337339606 1.4576428059709634 1.0999999999999994 0.38929426746792306
1.6684905108067791 1.44020505735284 1.0999999999999992 0.3369810216135549
1.659038931439847 1.4643824264032346 1.1199999999999997 0.31807786287969586
1.6323152137506498 1.446566614610434 1.1199999999999992 0.2646304275012962
1.6235762668554297 1.4696750349532606 1.14 0.2471525337108611
1.5963282123525193 1.451509665284651 1.1399999999999992 0.1926564247050353
1.5883158802440436 1.4735281634473614 1.1600000000000001 0.17663176048808898
1.560587085814625 1.4550423004944129 1.1599999999999993 0.12117417162924639
1.5533141882242671 1.4759516468799463 1.1800000000000002 0.10662837644853593
1.525149019939427 1.4571748680233836 1.1799999999999993 0.05029803987885069
1.5186271935033318 1.4769576076775233 1.2000000000000002 0.03725438700666521
1.490070715632326 1.457919955763517 1.1999999999999995 -0.019858568735351162
1.484310395272791 1.4765604363028162 1.22 -0.03137920945441616
1.4554082981802134 1.4572923715744286 1.2199999999999993 -0.08918340363957646
1.450418700409814 1.4747767682300246 1.2399999999999998 -0.09916259918037047
1.4212172274510124 1.4553091195908212 1.2399999999999993 -0.15756554509797843
1.417006335626181 1.471625457328065 1.2599999999999996 -0.1659873287476362
1.3875522091578898 1.4519893730158684 1.2599999999999991 -0.22489558168422363
1.3841267607055463 1.4671275456943804 1.2799999999999996 -0.23174647858890568
1.3544671073301147 1.4473544434440904 1.2799999999999994 -0.2910657853397741
1.3518325829677826 1.461306229987585 1.2999999999999996 -0.29633483406443295
1.3220148581306113 1.4414277467628016 1.2999999999999992 -0.3559702837387809
1.3201754730972706 1.4541868243128093 1.3199999999999996 -0.3596490538054571
1.290247385158099 1.4342347656866925 1.3199999999999992 -0.41950522968380566
1.2892060824698028 1.4457967197191333 1.3399999999999996 -0.42158783506039255
1.2592155163693335 1.4258030089854847 1.3399999999999994 -0.48156896726133636
1.2589739621103835 1.4361653403739065 1.3599999999999997 -0.48205207577923137
1.2289689027543773 1.4161619674699002 1.3599999999999997 -0.5420621944912489
1.2295274834115875 1.4253240964840816 1.38 -0.5409450331768234
1.199555938895014 1.4053430668063638 1.3799999999999997 -0.6008881222099755
1.200913760739333 1.4133063340398822 1.4 -0.5981724785213325
1.1710236855334188 1.3933796172359372 1.3999999999999997 -0.6579526289331661
1.1731785760498954 1.4001472814612188 1.42 -0.6536428479002074
1.1434177942749701 1.380306760277933 1.4199999999999997 -0.7131644114500636
1.146366305638778 1.3858839932322176 1.44 -0.7072673887224421
1.1167824345456814 1.3661614125034842 1.4399999999999997 -0.766435130908641
1.1205198491386388 1.3705552906140448 1.46 -0.7589603017227209
1.0911602229211197 1.3509822064690298 1.4599999999999997 -0.8176795541577646
1.0956805608798776 1.3542016995308894 1.4799999999999998 -0.8086388782402433
1.066592154939884 1.334809428904225 1.4799999999999998 -0.8668156901202357
1.0718881837237086 1.3368653857284847 1.4999999999999998 -0.8562236325525813
1.0431175395107446 1.3176849562531734 1.5 -0.9137649209785145
1.0491807854735817 1.3185900873089145 1.52 -0.9016384290528352
1.020773936018388 1.2996521876721168 1.5200000000000002 -0.9584521279632277
1.027594697966697 1.29942104474965 1.54 -0.9448106040666046
0.999597094228402 1.2807559755907847 1.5400000000000003 -1.0008058115431997
1.0071644589430657 1.2794049285187858 1.5599999999999998 -0.9856710821138673
0.9796208970876507 1.2610425539485073 1.56 -1.0407582058247025
0.9879227567851254 1.2585897644022919 1.58 -1.0241544864297478
0.960877306511559 1.2405594642199123 1.58 -1.0782453869768858
0.9699003782163289 1.2370248566627542 1.6 -1.0601992435673409
0.9433963122450488 1.2193554793485655 1.6 -1.1132073755099061
0.9531261590423863 1.214760709152556 1.62 -1.093747681915226
0.9272058838789465 1.197480525710261 1.62 -1.1455882322421107
0.9376269380139759 1.1918489445077138 1.6400000000000001 -1.1247461239720469
0.912331926098638 1.1749856032308201 1.6400000000000003 -1.1753361478027278
0.9234275138847431 1.1683422215516592 1.6600000000000001 -1.1531449722305125
0.8987982372365716 1.1519227037862099 1.6600000000000004 -1.2024035255268606
0.9105506057332947 1.144294151041122 1.68 -1.1788987885334092
0.8866264711949268 1.1283447280155416 1.6800000000000002 -1.2267470576101502
0.8990168166126731 1.1197592098889189 1.6999999999999997 -1.2019663667746525
0.87583610279937 1.1043054006800486 1.7000000000000002 -1.2483277944012638
0.8888446005854711 1.0947926540008937 1.7199999999999998 -1.2223107988290565
0.8664443966393343 1.0798591847034675 1.7200000000000004 -1.2671112067213353
0.8800502331973324 1.0694504298664669 1.7399999999999998 -1.2398995336053338
0.8584663794446756 1.0550611940313608 1.7400000000000002 -1.2830672411106525
0.872647785436078 1.0437890850442537 1.7599999999999996 -1.2547044291278426
0.8519148160429054 1.029967105448804 1.7600000000000002 -1.296170367914193
0.8666491012181259 1.0178656776859698 1.7799999999999994 -1.266701797563747
0.8468001889354666 1.004633069497529 1.7800000000000002 -1.3063996221290706
0.8620637784382247 0.9917376852433883 1.7999999999999994 -1.2758724431235493
0.843130681525731 0.979115620635058 1.8000000000000003 -1.3137386369485418
0.8588991536128223 0.9654629125044175 1.8199999999999994 -1.282201692774354
0.8409121650255543 0.9534715867795709 1.82 -1.3181756699488951
0.8571602901416395 0.9390993991054396 1.8399999999999994 -1.2856794197167196
0.8401481890613367 0.9277579983852365 1.8400000000000003 -1.3197036218773304
0.8568499702062301 0.912705326667893 1.8599999999999992 -1.2863000595875385
0.840839975994621 0.9020319971934858 1.8600000000000003 -1.3183200480107617
0.8579686903184907 0.8863389257076777 1.8799999999999992 -1.2840626193630174
0.8429864189663139 0.8763507448062254 1.8800000000000003 -1.314027162067376
0.8605146605262416 0.8600583824663302 1.899999999999999 -1.2789706789475155
0.8465840836676607 0.8507713312272751 1.9000000000000004 -1.3068318326646824
0.8644838072771506 0.8339217458130365 1.919999999999999 -1.2710323854456975
0.8516272138351392 0.8253506835183612 1.9200000000000004 -1.2967455723297254
0.8698697799364161 0.8079868343664419 1.939999999999999 -1.2602604401271664
0.8581077404604814 0.8001454747158179 1.9400000000000004 -1.283784519079041
0.8766639609477834 0.7823111439848611 1.959999999999999 -1.2466720781044318
0.866015294701087 0.7752120331537292 1.9600000000000004 -1.2679694105978299
0.8848554796216342 0.7569517557729045 1.979999999999999 -1.2302890407567302
0.8753372244701707 0.7506062523385946 1.9800000000000002 -1.2493255510596624
0.8944312295280905 0.7319652447517113 1.9999999999999991 -1.2111375409438176
0.8860586146801023 0.7263835015197182 2.0 -1.2278827706397992
0.9053758894673017 0.7074075893389153 2.019999999999999 -1.1892482210653952
0.8981623111065457 0.7025985370984102 2.02 -1.2036753777869125
0.9176719479833654 0.6833340817831771 2.039999999999999 -1.164656104033268
0.9116289478352185 0.6793054150177449 2.04 -1.1767421043295667
0.9312997313826555 0.6597992396965858 2.059999999999999 -1.1374005372346876
0.926436978247355 0.6565574042730511 2.06 -1.1471260435052937
0.9462374352117335 0.63685671882648 2.079999999999999 -1.1075251295765316
0.9425627094942959 0.6344069016815205 2.08 -1.114874581011412
0.9624611591444727 0.6145592272062518 2.0999999999999996 -1.0750776817110532
0.9599803404060459 0.6129053480472995 2.1 -1.080039319187912
0.9799449452225808 0.5929584408224935 2.119999999999999 -1.040110109554837
0.9786620027731461 0.5921031458562027 2.12 -1.0426759944537116
0.9986608193883327 0.5721049209334192 2.1399999999999992 -1.0026783612233332
0.9985778059358092 0.572049578631736 2.14 -1.0028443881283853
1.0185788362430632 0.5520480331708515 2.1599999999999993 -0.9628423275138721
1.0196958846089752 0.5527927320814585 2.16 -0.9606082307820534
1.0396671269598048 0.5328358685552105 2.1799999999999993 -0.9206657460803888
1.0419824498667667 0.5343794171598507 2.18 -0.9160351002664703
1.0618919502734108 0.514515166549881 2.1999999999999993 -0.8762160994531768
1.0654018432047714 0.5168550951707872 2.2 -0.8691963135904608
1.0852177464665793 0.4971312402780718 2.2199999999999993 -0.8295645070668398
1.0899165935936486 0.5002638050294504 2.22 -0.8201668128127065
1.1096071942654013 0.4807279040218177 2.2399999999999993 -0.7807856114691959
1.1154874774327759 0.48464809280006654 2.24 -0.769025045134452
1.1350212705533986 0.46534740311912864 2.2599999999999993 -0.7299574588932012
1.1420735813080107 0.4700489436222025 2.2600000000000002 -0.7158528373839823
1.1614193128085106 0.451030346371449 2.2799999999999994 -0.6771613743829774
1.1696323674531528 0.45650571613454294 2.2800000000000002 -0.6607352650936983
1.1887590841631288 0.43781564106957505 2.2999999999999994 -0.6224818316737408
1.1981197418103697 0.4440560795010681 2.3000000000000003 -0.6037605163792643
1.216996840983086 0.42574043074198975 2.3199999999999994 -0.5660063180338263
1.2274901245806902 0.4327359531403916 2.3200000000000003 -0.5450197508386235
1.2460874028574704 0.41484003572521727 2.3399999999999994 -0.5078251942850576
1.2576965231516815 0.42257944925469043 2.34 -0.4846069536966409
1.2759842248872828 0.4051478966512845 2.3599999999999994 -0.4480315502254328
1.2886906072856301 0.41361881825018176 2.36 -0.4226187854287437
1.3066394721572756 0.3966955209427096 2.3799999999999994 -0.38672105568544735
1.3204227864479217 0.40588439713647284 2.38 -0.3591544271041605
1.3380040962718167 0.3895124324006264 2.3999999999999995 -0.3239918074563652
1.3528422891518965 0.39940456098734556 2.4 -0.29431542169621067
1.3700279138323228 0.38362612396670215 2.419999999999999 -0.25994417233535283
1.3858972441932285 0.3942056775406385 2.42 -0.22820551161354685
1.4026596867306973 0.3790620137344312 2.439999999999999 -0.1946806265386039
1.4195347636438511 0.3903120650098664 2.44 -0.16093047271230138
1.4358472041303025 0.3758434042801852 2.459999999999999 -0.1283055917393932
1.4537010274726436 0.38774595317507854 2.46 -0.09259794505471622
1.4695373660032993 0.3739914453790909 2.4799999999999995 -0.06092526799339951
1.4883413696574799 0.38652744781521053 2.4799999999999995 -0.023317260685043514
1.503676268090691 0.37352510016539003 2.499999999999999 0.007352536181383637
1.5234003656508643 0.38667449853883823 2.5 0.046800731301725254
1.5382092881491374 0.3744611147914245 2.519999999999999 0.07641857629827657
1.5588219210592074 0.38820287006480375 2.52 0.11764384211841127
1.5730811733465453 0.37681399163379276 2.539999999999999 0.14616234669309228
1.5945493613938557 0.3911261169986656 2.54 0.1890987227877078
1.6082361286665987 0.38059596608954693 2.5599999999999996 0.21647225733319903
1.6305255227502737 0.3954555621453296 2.56 0.26105104550054403
1.6436179061807856 0.3858169869995578 2.579999999999999 0.28723581236157264
1.6666928432702914 0.40120027839256106 2.58 0.3333856865405794
1.6791698950450833 0.3924847007303694 2.5999999999999996 0.35833979009016775
1.7029934552410766 0.4083670741943644 2.6 0.4059869104821498
1.7148352120773087 0.4006044389400124 2.6199999999999997 0.4296704241546186
1.7393692776834762 0.4169604826774568 2.62 0.4787385553669488
1.7505567927702104 0.41017921004735136 2.6399999999999997 0.5011135855404221
1.775762109281582 0.4269827543882652 2.6399999999999997 0.5515242185631607
1.7862774825946797 0.42120969441861456 2.6599999999999997 0.5725549651893609
1.8121137215048375 0.43843385369205246 2.66 0.6242274430096715
1.8219401284469976 0.433694243278808 2.6799999999999997 0.6438802568939967
1.8483659517736852 0.4513114588299324 2.6799999999999997 0.6967319035473668
1.8574876700938003 0.44762888134975537 2.6999999999999997 0.7149753401876021
1.8844607965196951 0.4656109656336844 2.7 0.7689215930393863
1.892863231468453 0.4630073132105431 2.7199999999999998 0.7857264629369074
1.9203405039912733 0.4813254948924226 2.7199999999999998 0.8406810079825429
1.9280102116727562 0.479820933370194 2.74 0.8560204233455135
1.9559476666564655 0.49844590335933286 2.7399999999999998 0.9118953333129274
1.962872375538383 0.4980588400364525 2.76 0.9257447510767669
1.9912253130550073 0.5169607983808682 2.76 0.9824506261100112
1.9973939436031483 0.5177078525586527 2.7800000000000002 0.9947878872062974
2.026116998952661 0.5368565561249942 2.78 1.052233997905319
2.0315196813581484 0.538752532516759 2.8 1.063039362716298
2.0605668976519906 0.5581173433793202 2.8 1.1211337953039784
2.065194987622976 0.5611752084228386 2.82 1.1303899752459523
2.094519889315077 0.5807251428842393 2.82 1.1890397786301512
2.098365981907606 0.5849560039954417 2.84 1.1967319638152132
2.1279216491552595 0.6046597821605435 2.84 1.2558432983105159
2.1309795906211844 0.610072869961652 2.86 1.2619591812423696
2.1607187343567933 0.6298989657853908 2.8599999999999994 1.3214374687135837
2.1629836319897686 0.6365016193359236 2.88 1.3259672639795383
2.1928586695833565 0.6564183110649816 2.88 1.38571733916671
2.1943268995471694 0.6642159661192578 2.9 1.3886537990943397
2.2242900309385862 0.6841913870468684 2.8999999999999995 1.4485800618771694
2.2249592440652948 0.6931875673568012 2.92 1.4499184881305902
2.254962528244314 0.7131897568094803 2.92 1.5099250564886253
2.2548316537929156 0.7233860684865737 2.94 1.5096633075858317
2.284827085504851 0.7433830229611968 2.9399999999999995 1.5696541710096994
2.283896332874468 0.7547791519067677 2.96 1.5677926657489358
2.3138359194285805 0.7747388762761755 2.9599999999999995 1.627671838857158
2.3121067778234208 0.7873325886839109 2.98 1.6242135556468418
2.341942615881224 0.8072231473891124 2.9799999999999995 1.683885231762445
2.3394178519278563 0.8210102933191598 3.0 1.6788357038557127
2.369102204148458 0.8407998614662267 2.9999999999999996 1.7382044082969124
2.3657858574692074 0.855774381485098 3.02 1.7315717149384144
2.395271228889054 0.8754312957649949 3.0199999999999996 1.7905424577781046
2.3911686056386077 0.8915852306406601 3.04 1.782337211277215
2.4204078196634278 0.9110780399905392 3.0399999999999996 1.8408156393268518
2.415525484038986 0.9284015434271972 3.06 1.8310509680779719
2.44447175792634 0.9476990593520986 3.0599999999999996 1.888943515852676
2.438817521664902 0.9661804137442507 3.08 1.877635043329804
2.46742454137657 0.9852517602186948 3.0799999999999996 1.934849082753136
2.461007451256154 1.0048773953993133 3.0999999999999996 1.9220149025123083
2.4892294455605977 1.0236920582689408 3.0999999999999996 1.9784588911211909
2.4820597689253967 1.0444465732217372 3.12 1.964119537850793
2.509851582631728 1.0629744490259567 3.119999999999999 2.019703165263452
2.5019407909643583 1.0848406365270062 3.1399999999999997 2.0038815819287166
2.529257957170648 1.103052080664531 3.1399999999999992 2.0585159143412914
2.520618707737777 1.1260109548138322 3.16 2.041237415475554
2.5474175189780945 1.143876828974042 3.1599999999999993 2.094835037956185
2.5380636345788155 1.167907655572956 3.18 2.076127269157631
2.5643012127551765 1.1853993743571947 3.1799999999999993 2.1286024255103486
2.5542476596045276 1.210479704083163 3.2 2.108495319209055
2.57988202459185 1.2275692807413758 3.1999999999999993 2.159764049183696
2.5691448883748724 1.253674985066837 3.2200000000000006 2.1382897767497453
2.5941350251891766 1.2703350762763708 3.2199999999999993 2.1882700503783488
2.5827314853238175 1.297440386074404 3.2400000000000007 2.165462970647636
2.6070374097462006 1.3136443356893235 3.2399999999999993 2.2140748194923963
2.5949857118962445 1.3417218824642518 3.2600000000000007 2.18997142379249
2.6185685344476304 1.3574437641651733 3.2599999999999993 2.2371370688952563
2.6058879613296377 1.386464623842157 3.2800000000000002 2.211775922659276
2.628709949493944 1.4016792826183588 3.2799999999999994 2.2574198989878838
2.6154207900249036 1.4316130218219147 3.3000000000000007 2.230841580049807
2.6374454286210676 1.446296114219355 3.299999999999999 2.2748908572421307
2.6235689454561295 1.4771108389667573 3.3200000000000007 2.2471378909122586
2.644760995062397 1.4912388720376 3.319999999999999 2.2895219901247903
2.6303193905746256 1.522901278769253 3.3400000000000007 2.2606387811492503
2.650644943911627 1.536451647660585 3.339999999999999 2.30128988782325
2.6356613246682024 1.5689270765257182 3.3600000000000008 2.2713226493364034
2.6550878608505983 1.581878100647313 3.359999999999999 2.3101757217011927
2.63958620064231 1.615130590959742 3.380000000000001 2.2791724012846184
2.6580826372122086 1.6274615486730055 3.379999999999999 2.3161652744244132
2.64208773869539 1.6614538964482302 3.4000000000000004 2.284175477390778
2.6596244813542795 1.6731450582208212 3.3999999999999995 2.3192489627085546
2.643161936366557 1.7078388757024012 3.4200000000000004 2.2863238727331123
2.6597109263261833 1.7188715356754833 3.419999999999999 2.3194218526523627
2.6428070749395376 1.7542273127554484 3.4400000000000004 2.2856141498790734
2.6583418338159652 1.764583818673065 3.4399999999999995 2.316683667631927
2.641023722192615 1.800560986108087 3.46 2.282047444385228
2.655519394371642 1.8102247675607694 3.4599999999999995 2.31103878874328
2.6378147314901845 1.8467817618829525 3.48 2.2756294629803664
2.6512481238963237 1.8557373568203768 3.4799999999999995 2.302496247792644
2.6331852372173694 1.8928316868388053 3.5 2.266370474434736
2.6455348564227714 1.9010647663090714 3.499999999999999 2.2910697128455393
2.6271426465650065 1.938653081095716 3.52 2.2542852931300104
2.638388733178943 1.9461504721716716 3.519999999999999 2.276777466357882
2.6196966276781395 1.9841886304228737 3.54 2.2393932553562768
2.629821187962028 1.9909383372787972 3.539999999999999 2.2596423759240523
2.6108590941869876 2.029381477941355 3.56 2.221718188373973
2.6198459288443736 2.0353727010462768 3.5599999999999996 2.2396918576887437
2.6006441861451366 2.07417531509513 3.5800000000000005 2.201288372290271
2.6084789162405686 2.0793984684920823 3.5799999999999996 2.216957832481133
2.589068247405453 2.1185144717447524 3.6 2.1781364948109045
2.5957383373707783 2.1229611983883006 3.6 2.191476674741553
2.576149799469921 2.1623440052395835 3.62 2.1522995989398406
2.581644577161195 2.166007190367097 3.6199999999999997 2.163289154322386
2.561909511855237 2.205609788326031 3.6399999999999997 2.123819023710473
2.5662201856281537 2.208483570841307 3.64 2.132440371256304
2.5463701690215848 2.248258595751157 3.66 2.092740338043168
2.5494898417981076 2.25033837760217 3.6599999999999997 2.098979683596211
2.529556633917498 2.290238189423081 3.6799999999999997 2.0591132678349946
2.5314803142211844 2.29152064295887 3.6799999999999997 2.0629606284423647
2.511495808199143 2.3314974019919283 3.6999999999999993 2.022991616398285
2.5122204181415073 2.331980475286836 3.7 2.0244408362830106
2.4922165891876698 2.3719862187175886 3.7199999999999998 1.9844331783753382
2.491740969392804 2.3716691388543425 3.7199999999999998 1.9834819387856035
2.471749823633496 2.411655857493301 3.74 1.9434996472669908
2.4700747350930716 2.4105391317996823 3.7399999999999998 1.9401494701861395
2.450128258361509 2.450458846897024 3.7600000000000002 1.900256516723016
2.4472563812171906 2.4485442621341424 3.76 1.8945127624343776
2.4273864878761433 2.4883491021457114 3.7800000000000002 1.8547729757522846
2.423322417131362 2.4856397216491883 3.7800000000000002 1.8466448342627206
2.4035608990101758 2.5252819988309656 3.8 1.8071217980203496
2.3983111371781236 2.521782157609595 3.8 1.7966222743562434
2.378689612705792 2.5612144443180904 3.8199999999999994 1.7573792254115819
2.3722625594054 2.556929742117827 3.8200000000000003 1.7445251188107962
2.3528124230210787 2.5961049466943065 3.84 1.7056248460421557
2.3452183615376274 2.59104223903867 3.84 1.6904367230752517
2.325970733459532 2.6299136811558115 3.8599999999999994 1.6519414669190622
2.3172218142913947 2.6240810683770515 3.8600000000000003 1.6344436285827868
2.29820749072445 2.662602553727467 3.8799999999999994 1.5964149814488982
2.288317712142296 2.6560093680060293 3.88 1.5766354242845895
2.269567116004209 2.694135262213159 3.8999999999999995 1.5391342320084158
2.2585523016537694 2.6867920526461977 3.9000000000000004 1.5171046033075368
2.240095433898361 2.7244773542793097 3.9199999999999995 1.48019086779672
2.227973207482597 2.716395870002132 3.92 1.455946414965192
2.2098395990982755 2.7535962825786133 3.939999999999999 1.4196791981965493
2.1966293561794523 2.744789453966063 3.94 1.3932587123589029
2.178848020939633 2.7814614568257916 3.9599999999999995 1.3576960418792643
2.1645708979064207 2.7719433748036484 3.9600000000000004 1.3291417958128395
2.147170285947487 2.8080442927420486 3.98 1.2943405718949725
2.1318491261967387 2.797830186241548 3.9800000000000004 1.2636982523934757
2.1148570784978253 2.833318257789918 4.0 1.2297141569956487
2.098516395885142 2.8224244693814606 4.0 1.1970327917702823
