1.0 0.0 -1.0 1.0
0.98 0.02 -0.98 0.96
0.9796 0.0192 -0.98 0.9592
0.9596319999999999 0.039184000000000004 -0.96 0.919264
0.95883264 0.03758528 -0.9600000000000001 0.91766528
0.9389285888 0.057537305600000005 -0.94 0.8778571775999999
0.937731147776 0.055142423552 -0.9400000000000001 0.8754622955520001
0.91792289185792 0.07504655151104 -0.9199999999999999 0.83584578371584
0.9163292857155584 0.07185933922631679 -0.9199999999999999 0.8326585714311169
0.8966485182888673 0.09169972293966235 -0.8999999999999999 0.7932970365777346
0.8946612967979719 0.0877252799578715 -0.8999999999999999 0.7893225935959439
0.8751395070905524 0.10748617481158122 -0.8799999999999998 0.7502790141811049
0.8727618498055086 0.1027308602414936 -0.8799999999999999 0.7455236996110174
0.8534302726808927 0.12239664880380158 -0.8599999999999998 0.7068605453617854
0.8506659838533566 0.11686807114872931 -0.8599999999999999 0.7013319677067132
0.8315555498349435 0.13642328815793583 -0.8399999999999999 0.6631110996698871
0.8284090523270391 0.13013029314212704 -0.84 0.6568181046540784
0.8095503381092585 0.14955965025101742 -0.8199999999999997 0.6191006762185169
0.8060266663169984 0.1425123066664974 -0.8199999999999998 0.6120533326339971
0.7874498458425986 0.16180071690369735 -0.7999999999999998 0.5748996916851972
0.7835546376408505 0.15401030050020134 -0.7999999999999998 0.5671092752817013
0.7652894338225905 0.1731429024093314 -0.7799999999999998 0.530578867645181
0.7610289215444773 0.16462187785310495 -0.7799999999999999 0.5220578430889548
0.7431045587084664 0.1835840592711105 -0.7599999999999999 0.4862091174169326
0.7384855591736329 0.1743460602014436 -0.76 0.4769711183472659
0.7209307163004086 0.19312348163805582 -0.7399999999999998 0.4418614326008171
0.7159606199081107 0.18318328885345994 -0.74 0.43192123981622144
0.6988033847462702 0.20176190643438024 -0.7199999999999999 0.3976067694925403
0.6934901436507355 0.19113542424331076 -0.72 0.38698028730147105
0.6767579677765378 0.20950151218040966 -0.6999999999999997 0.3535159355530755
0.6711100831635191 0.19820574295437227 -0.7000000000000001 0.3422201663270383
0.654829738058363 0.21634591550695043 -0.6799999999999998 0.3096594761167257
0.648856246543241 0.2043989324767068 -0.6799999999999999 0.29771249308648223
0.6330537807592947 0.22230016536868008 -0.6599999999999998 0.2661075615185891
0.6267642399284938 0.20972108370707856 -0.6600000000000001 0.25352847985698784
0.6114649374110116 0.22737073496581983 -0.6399999999999999 0.2229298748220228
0.6048694105298611 0.21417968120351902 -0.6400000000000001 0.20973882105972225
0.5900977501628708 0.23156551138701428 -0.6199999999999999 0.18019550032574128
0.5832067900743805 0.21778359121003385 -0.6200000000000001 0.16641358014876112
0.5689864065144694 0.2348937829899895 -0.5999999999999999 0.13797281302893855
0.5618110387547809 0.22054304747061262 -0.6000000000000003 0.12362207750956196
0.5481646846156449 0.23736622454018075 -0.5799999999999998 0.09632936923128953
0.5407163897731737 0.2224696348552384 -0.5800000000000003 0.0814327795463475
0.5276658992214354 0.2389948801311077 -0.5599999999999998 0.05533179844287044
0.5199565945679294 0.2235762708240958 -0.5600000000000003 0.039913189135858895
0.5075228483884715 0.2397931439138249 -0.5399999999999998 0.015045696776942764
0.4995648688113764 0.22387718475963467 -0.5400000000000003 -0.0008702623772470913
0.4877677609980861 0.23977573866627994 -0.5199999999999998 -0.02446447800382802
0.4795738392647252 0.2233878951995581 -0.5200000000000004 -0.04085232147054948
0.4684322451901038 0.23895869223686894 -0.4999999999999998 -0.06313550961979268
0.46001549157525046 0.22212518500716225 -0.5000000000000004 -0.07996901684949899
0.4495472377898173 0.23735931189987897 -0.47999999999999976 -0.10090552442036568
0.4409211190992553 0.22010707451875494 -0.4800000000000003 -0.11815776180148929
0.4311429548090671 0.23499615666384918 -0.4599999999999998 -0.1377140903818661
0.4223212728327013 0.21735279271111763 -0.4600000000000003 -0.15535745433459722
0.4132488431006224 0.23188900757715725 -0.4399999999999997 -0.17350231379875553
0.40424571252961505 0.21388274643514252 -0.44000000000000034 -0.19150857494076978
0.3958935332432167 0.22805883607834185 -0.41999999999999976 -0.20821293351356696
0.38672335908648137 0.20971848776487118 -0.4200000000000004 -0.22655328182703713
0.37910479373262185 0.2235277704418011 -0.3999999999999998 -0.24179041253475667
0.36978224826880934 0.20488267951417605 -0.40000000000000036 -0.2604355034623812
0.3629094865520548 0.2183190603725535 -0.3799999999999998 -0.27418102689589074
0.35344948585390723 0.19939905897625823 -0.3800000000000004 -0.2931010282921855
0.34733352419300445 0.2124570398067098 -0.3599999999999997 -0.30533295161399143
0.33775120426163885 0.1932923999439784 -0.36000000000000043 -0.32449759147672225
0.33240182819524533 0.20596708797717536 -0.3399999999999997 -0.33519634360950973
0.32271252074255186 0.1865884730717882 -0.34000000000000047 -0.3545749585148963
0.3181382892723738 0.19887558880687745 -0.31999999999999973 -0.3637234214552528
0.3083574971902768 0.17931400464268313 -0.32000000000000045 -0.38328500561944645
0.30456572908666646 0.19120988869448852 -0.2999999999999997 -0.39086854182666747
0.29470910164249725 0.17149663380614977 -0.3000000000000005 -0.4105817967150055
0.2917058637344205 0.1829982527601884 -0.27999999999999975 -0.4165882725311595
0.2817891715320897 0.16316486835552657 -0.28000000000000047 -0.4364216569358206
0.2795792690001994 0.174269819621472 -0.25999999999999973 -0.4408414619996016
0.2696183787472308 0.15434803911553455 -0.2600000000000004 -0.46076324250553835
0.268205347435578 0.16505455477136124 -0.2399999999999997 -0.4635893051288444
0.2582161965563764 0.14507625301295765 -0.24000000000000038 -0.48356760688724726
0.2576022973150597 0.1553832026336163 -0.2199999999999997 -0.484795405369881
0.24760086845103174 0.13538034490556003 -0.22000000000000036 -0.5047982630979365
0.24778708351883727 0.14528723737165755 -0.19999999999999973 -0.5044258329623258
0.23778937895616545 0.12529182824631352 -0.20000000000000034 -0.5244212420876692
0.23877541038898473 0.13479881252990417 -0.17999999999999972 -0.5224491792220309
0.22879742645496928 0.1148428446618729 -0.18000000000000035 -0.5424051470900615
0.2305816966025098 0.12395070958810293 -0.15999999999999973 -0.5388366067949808
0.22063939807144517 0.10406611252597328 -0.16000000000000036 -0.5587212038571097
0.22321905210147086 0.11277628551096074 -0.1399999999999997 -0.5535618957970587
0.21332834665100675 0.09299487461003211 -0.14000000000000035 -0.5733433066979865
0.21669925711706955 0.10130941937700101 -0.11999999999999969 -0.5666014857658613
0.2068759698759267 0.08166284489471488 -0.12000000000000036 -0.5862480602481466
0.21103274332128094 0.08958445817203808 -0.0999999999999997 -0.5779345133574385
0.2012925915490452 0.07010415462756611 -0.10000000000000037 -0.5974148169019096
0.2062285771361783 0.07763616183399989 -0.07999999999999971 -0.5875428457276438
0.1965871450756852 0.05835329771301324 -0.08000000000000036 -0.6068257098486295
0.20229444522765774 0.0654996476370273 -0.05999999999999972 -0.5954111095446849
0.19276715917020412 0.04644507552211954 -0.06000000000000037 -0.6144656816595917
0.19923664220677295 0.053210334003835465 -0.039999999999999716 -0.6015267155864544
0.1898387458100507 0.03441454121039045 -0.04000000000000037 -0.6203225083798986
0.19706006055835731 0.040803883836237495 -0.019999999999999712 -0.6058798788832856
0.1878065904566012 0.022296943632724733 -0.02000000000000038 -0.6243868190867975
0.1957681828130483 0.028316147454501547 2.914335439641036e-16 -0.6084636343739036
0.18667394455842115 0.01012767094524666 -3.8163916471489756e-16 -0.6266521108831576
0.19536307597523844 0.015783105236838395 0.020000000000000295 -0.6092738480495233
0.18644262034894762 -0.002057806015743806 0.019999999999999626 -0.6271147593021047
0.1958453882158682 0.0032408100507963014 0.0400000000000003 -0.6083092235682639
0.18711298794691578 -0.014223990487109085 0.039999999999999626 -0.6257740241061683
0.19721434783535255 -0.009274670431327065 0.06000000000000032 -0.6055713043292952
0.18868397476416887 -0.026335416573694988 0.05999999999999962 -0.6226320504716621
0.19946776449830034 -0.02172731144076031 0.08000000000000031 -0.6010644710033995
0.19115306722179928 -0.03835670599376298 0.07999999999999963 -0.6176938655564013
0.20260203273805086 -0.034081188751888335 0.10000000000000032 -0.5947959345238986
0.1945163147718748 -0.05025262468424095 0.09999999999999962 -0.6109673704562502
0.20661213772542047 -0.04630053616101334 0.12000000000000034 -0.5867757245491593
0.19876833621831536 -0.06198813917522414 0.11999999999999961 -0.6024633275633691
0.21149166329242944 -0.05834980271228072 0.14000000000000035 -0.5770166734151414
0.2039023283268066 -0.07352847264352697 0.13999999999999962 -0.5921953433463866
0.2172328021981705 -0.07019370957920845 0.16000000000000036 -0.5655343956036593
0.20991007670997494 -0.08483916055560015 0.15999999999999964 -0.5801798465800498
0.2238263686203945 -0.08179730651080945 0.18000000000000035 -0.5523472627592113
0.21678196897040733 -0.09588610581078437 0.17999999999999963 -0.5664360620591851
0.23126181285282588 -0.09312602775199315 0.20000000000000037 -0.5374763742943486
0.22450701008048707 -0.10663563329667133 0.19999999999999968 -0.5509859798390256
0.23952723818469274 -0.10414574734877366 0.22000000000000036 -0.5209455236306149
0.23307283997443803 -0.11705454376928363 0.21999999999999967 -0.5338543200511238
0.24860941993546407 -0.11482283374979614 0.24000000000000035 -0.5027811601290721
0.24246575332442988 -0.12711016697186509 0.23999999999999966 -0.51506849335114
0.2584938266143387 -0.12512420361681895 0.2600000000000003 -0.48301234677132293
0.25267072146910263 -0.13677041390729155 0.2599999999999997 -0.4946585570617945
0.2691646431706303 -0.13501737475805484 0.2800000000000003 -0.46167071365873963
0.2636714164594248 -0.14600382818046634 0.27999999999999975 -0.47265716708115013
0.28060479629784896 -0.14447051809967784 0.3000000000000003 -0.4387904074043023
0.27545023718341194 -0.15477963632855238 0.29999999999999977 -0.4490995256331759
0.29279598175099103 -0.15345250861234136 0.32000000000000034 -0.4144080364980181
0.2879883375279056 -0.16306779705851274 0.3199999999999998 -0.4240233249441886
0.30571869363333154 -0.16193297511122512 0.3400000000000004 -0.3885626127333371
0.3012656565323546 -0.17083904931317948 0.3399999999999998 -0.3974686869352906
0.3193522556058587 -0.16988234884993092 0.36000000000000043 -0.3612954887882827
0.31526095048635183 -0.17806495908894512 0.3599999999999998 -0.3694780990272961
0.33367485396941654 -0.17727191083047683 0.38000000000000045 -0.33265029206116714
0.3299518269195709 -0.18471796493016845 0.3799999999999999 -0.34009634616085793
0.3486635725666233 -0.184073837753694 0.4000000000000004 -0.30267285486675366
0.3453147804297187 -0.19077142202750352 0.3999999999999999 -0.3093704391405624
0.36429442944772344 -0.19026124653650522 0.4200000000000004 -0.2714111411045534
0.3613252302911789 -0.1961996448495946 0.4199999999999999 -0.27734953941764195
0.38054241524170723 -0.19580823732485805 0.44000000000000045 -0.2389151695165858
0.3779575597841732 -0.20097794823992632 0.43999999999999984 -0.2440848804316533
0.39738153317130426 -0.20068993493349113 0.4600000000000004 -0.2052369336573917
0.39518515718151287 -0.20508268691307416 0.4599999999999998 -0.20962968563697398
0.4147848406478272 -0.2048825286462306 0.48000000000000037 -0.17043031870434577
0.4129804583273621 -0.20849129328716107 0.4799999999999998 -0.1740390833452755
0.43272449237931365 -0.20836331031313612 0.5000000000000004 -0.1345510152413729
0.43131499073988755 -0.21118231359198852 0.4999999999999998 -0.13737001852022462
0.4511717849229932 -0.21111071068354062 0.5200000000000005 -0.09765643015401382
0.4501594191672292 -0.2131354421950688 0.5199999999999998 -0.09968116166554136
0.47009720261079596 -0.21310433391685144 0.5400000000000005 -0.05980559477840832
0.46948359252390326 -0.21433155409063698 0.5399999999999998 -0.06103281495219323
0.48947046477442147 -0.2143249902158953 0.5600000000000004 -0.021059070451157368
0.4892565921325391 -0.21475273549966012 0.5599999999999998 -0.021486815734921595
0.5092605741944078 -0.21475472653059371 0.5800000000000005 0.01852114838881544
0.5094467811937629 -0.2143823125318838 0.5799999999999998 0.018893562387525924
0.5294358666956832 -0.2143768552828432 0.6000000000000003 0.058871733391366136
0.5300218554050766 -0.21320487786405648 0.5999999999999996 0.060043710810153396
0.5499640618102455 -0.21317598106664012 0.6200000000000003 0.09992812362049064
0.5509488946477422 -0.21120631539164667 0.6199999999999997 0.10189778929548463
0.5708123144259113 -0.21113802528073045 0.6400000000000003 0.14162462885182237
0.5721944156589714 -0.20837382281461023 0.6399999999999997 0.14438883131794308
0.5919472673384957 -0.20825024865437158 0.6600000000000004 0.18389453467699118
0.5937244256051463 -0.2046959321210704 0.6599999999999997 0.1874488512102928
0.6133351046233385 -0.20450127163016574 0.6800000000000004 0.2266702092466768
0.6155044764703529 -0.20016252793613687 0.6799999999999997 0.23100895294070609
0.634941605740784 -0.19988109257135162 0.7000000000000003 0.26988321148156774
0.637499720173207 -0.1947648637065055 0.6999999999999997 0.2749994403464142
0.6567322002890442 -0.19438110376442333 0.7200000000000004 0.31346440057808816
0.6596749643237839 -0.18849557569494374 0.7199999999999996 0.3193499286475681
0.678672023316842 -0.18799410519147197 0.7400000000000004 0.35734404663368363
0.6819947285314428 -0.18134869476227006 0.7399999999999997 0.3639894570628859
0.7007259711073327 -0.18071431605021426 0.7600000000000005 0.40145194221466524
0.7044233011734514 -0.17331965591797677 0.7599999999999997 0.40884660234690307
0.7228587573440518 -0.1725373840032762 0.7800000000000005 0.4457175146881034
0.7269247965335824 -0.1644053056242147 0.7799999999999996 0.4538495930671652
0.7450349695690204 -0.1634603921419329 0.8000000000000005 0.49006993913804053
0.7494632122192597 -0.1546039068414539 0.7999999999999996 0.49892642443851987
0.7672191258426785 -0.1534818636531625 0.8200000000000003 0.5344382516853569
0.7720024867653862 -0.14391514180774675 0.8199999999999994 0.5440049735307729
0.7893757315149883 -0.14260176418254703 0.8400000000000003 0.5787514630299766
0.794506557332688 -0.13234011254714723 0.8399999999999995 0.5890131146653768
0.8114693360168742 -0.1308215018892395 0.8600000000000003 0.6229386720337483
0.8169394174082576 -0.11988133910647226 0.8599999999999997 0.633878834816516
0.8334645895811331 -0.11814392519290917 0.8800000000000003 0.666929179162266
0.8392651744159739 -0.10654275552322695 0.8799999999999996 0.6785303488319487
0.8553262998020622 -0.1045733182162702 0.9000000000000002 0.7106525996041242
0.8614481071446247 -0.09232970353114446 0.8999999999999997 0.7228962142892503
0.877019487943308 -0.09011539393048519 0.9200000000000004 0.7540389758866157
0.8834527229018442 -0.07724892401341214 0.9199999999999996 0.7669054458036891
0.8985094449038444 -0.07477728501441142 0.9400000000000004 0.7970188898076886
0.9052438143024206 -0.06130854621725837 0.9399999999999997 0.810487628604842
0.9197617867525347 -0.05856753244231458 0.9600000000000002 0.8395235735050693
0.9267865156001132 -0.04451807474715698 0.9599999999999997 0.8535730312002272
0.940742509742421 -0.04149607181831003 0.9800000000000002 0.8814850194848419
0.9480463584728456 -0.02688837435746014 0.9799999999999998 0.896092716945692
0.9614180447167194 -0.02357421747939619 1.0000000000000004 0.9228360894334388
0.9689893271720215 -0.008431652568791366 0.9999999999999999 0.9379786543440437
0.9817553108194711 -0.004814644392515315 1.0200000000000002 0.9635106216389421
0.9895819129477221 0.010838559863987476 1.0199999999999998 0.9791638258954449
1.0017217684249116 0.014768632125393585 1.0400000000000003 1.0034435368498231
1.0097911676627065 0.03090743060098394 1.0399999999999998 1.0195823353254134
1.021285471200872 0.035160278831901856 1.0600000000000003 1.0425709424017444
1.0295847565094305 0.05175884944901883 1.0599999999999998 1.0591695130188612
1.0404151172229112 0.05634366909227908 1.0800000000000003 1.080830234445823
1.0489310097457394 0.0733754541379353 1.0799999999999998 1.0978620194914788
1.0590800990573939 0.07830090948210866 1.1 1.1181601981147882
1.067798973366455 0.09573865810023106 1.0999999999999999 1.13559794673291
1.0772505527333847 0.10101286841676686 1.12 1.1545011054667698
1.0861584586297843 0.11882868020956647 1.1199999999999999 1.1723169172595687
1.094897405525002 0.12445920676195824 1.1400000000000001 1.1897948110500045
1.103980090359306 0.14262457643056656 1.14 1.207960180718612
1.1119924224677793 0.14861841037633047 1.1600000000000001 1.2239848449355593
1.1212353539442528 0.16710427332927774 1.1599999999999997 1.2424707078885056
1.128508251534608 0.1734678245341006 1.1800000000000002 1.257016503069217
1.1378966409628888 0.19224460339066207 1.1799999999999997 1.2757932819257776
1.1444184673989817 0.19898369017261613 1.2000000000000002 1.288836934797964
1.1539372933559842 0.21802134208662136 1.1999999999999997 1.3078745867119683
1.1596976137155168 0.2251411819068555 1.2200000000000002 1.3193952274310343
1.1693316460797099 0.24440924663524205 1.2199999999999998 1.33866329215942
1.1743212438501072 0.2519144477500439 1.2400000000000002 1.348642487700215
1.1840550681697082 0.2713820963892464 1.2399999999999998 1.3681101363394164
1.1882659599945373 0.27927665047683226 1.2600000000000002 1.3765319199890753
1.198084002150635 0.29891273478902786 1.2599999999999998 1.3961680043012699
1.2015094506029762 0.3072000105628577 1.2800000000000002 1.403018901205953
1.2113960017281207 0.3269731128131469 1.2799999999999998 1.4227920034562413
1.2140305260904503 0.3356558506319825 1.3000000000000003 1.4280610521809014
1.2239697677028414 0.3555343338567649 1.2999999999999998 1.4479395354056828
1.2258091527361796 0.36461464134009614 1.3200000000000003 1.4516183054723601
1.2357851820492376 0.3845666999662121 1.3199999999999998 1.4715703640984752
1.2368264847375312 0.39404604862206566 1.3400000000000003 1.473652969475063
1.246823340104355 0.41403975935571335 1.3399999999999996 1.49364668020871
1.2470648943633027 0.42391898222623986 1.3600000000000003 1.494129788726606
1.2570665808153054 0.44392235513024547 1.3599999999999997 1.5141331616306108
1.2565080001580928 0.45420164545885205 1.3800000000000003 1.5130160003161863
1.2664985149969514 0.4741826751365692 1.3799999999999997 1.5329970299939026
1.2651406931526301 0.4848615860587301 1.4000000000000004 1.5302813863052607
1.2751040515546022 0.5047883028626744 1.3999999999999997 1.5502081031092043
1.2729491610381232 0.5158657481209141 1.4200000000000002 1.5458983220762468
1.2828694216297656 0.5357062693041993 1.4199999999999995 1.5657388432595312
1.2799209102659552 0.5471805249861047 1.44 1.559841820531911
1.2897822006303215 0.5669031057148375 1.4399999999999995 1.579564401260643
1.2860447860373616 0.5787718130113175 1.46 1.5720895720747239
1.2958313281098688 0.598344897156332 1.4599999999999995 1.5916626562197376
1.2913109901511084 0.6106050661357123 1.48 1.5826219803022172
1.3010071254644402 0.6299973367623763 1.4799999999999995 1.6020142509288806
1.2957110966806134 0.6426453511542899 1.5 1.5914221933612271
1.3053013114182686 0.6618257806296008 1.4999999999999996 1.6106026228365373
1.2992380654554294 0.6748574036110206 1.52 1.598476130910859
1.3087070152738278 0.693795303247818 1.5199999999999996 1.6174140305476556
1.3018862533255167 0.7072056842219737 1.54 1.6037725066510335
1.3112187879049488 0.7258707533808387 1.5399999999999996 1.6224375758098977
1.3036514231902832 0.7396544357381717 1.56 1.6073028463805665
1.312832610475422 0.75801681030845 1.5599999999999996 1.625665220950844
1.3045307507779451 0.7721677401571886 1.58 1.6090615015558904
1.3135459008691344 0.7901980403395679 1.5799999999999996 1.627091801738269
1.3045228291643625 0.8047095761919539 1.5999999999999999 1.609045658328725
1.3133575178214563 0.8223789535061423 1.5999999999999994 1.6267150356429125
1.3036276710241168 0.8372438769048122 1.6199999999999999 1.6072553420482336
1.3122677627452637 0.854524060347107 1.6199999999999997 1.6245355254905276
1.3018467086102326 0.8697345874146227 1.64 1.603693417220465
1.3102783792486787 0.8865979286915163 1.6399999999999995 1.6205567584973577
1.299182791462572 0.9021457225845699 1.66 1.5983655829251437
1.307392550345296 0.9185652403500192 1.6599999999999995 1.614785100690592
1.2956401818485712 0.9344414245983818 1.68 1.5912803636971422
1.3036148933613607 0.950390847623962 1.6799999999999993 1.6072297867227214
1.2912245479436126 0.9665860203328361 1.7 1.5824490958872253
1.2989514525480472 0.9820398295417064 1.6999999999999993 1.5979029050960945
1.2859429547619443 0.998544078434758 1.7199999999999998 1.5718859095238886
1.2934096894106568 1.0134775477321842 1.7199999999999993 1.5868193788213139
1.279803852852657 1.0302804660111844 1.7400000000000002 1.559607705705314
1.2869984707702093 1.0446697018462905 1.7399999999999993 1.5739969415404191
1.2728170647788053 1.0617604048419929 1.7600000000000002 1.5456341295576106
1.2797280545765297 1.0755823844374428 1.7599999999999996 1.5594561091530597
1.2649937694013076 1.092949527025054 1.7800000000000002 1.5299875388026152
1.2716100734955276 1.106182135213495 1.7799999999999994 1.5432201469910554
1.2563464839927678 1.123813929964875 1.8 1.5126929679855357
1.2626575162969327 1.1364359945732059 1.7999999999999996 1.5253150325938654
1.2468890442098395 1.1543202306167524 1.82 1.4937780884196792
1.2528847070722626 1.1663115563415996 1.8199999999999998 1.5057694141445253
1.2366365819561755 1.1844356188996428 1.8399999999999999 1.4732731639123513
1.2423072823162769 1.1957770196198465 1.8399999999999996 1.484614564632554
1.2256055011713816 1.214127910192294 1.8599999999999999 1.4512110023427636
1.230942165908585 1.2248012396667018 1.8599999999999999 1.4618843318171704
1.2138134515847134 1.2433655968286375 1.8800000000000003 1.4276269031694273
1.2188075420354396 1.2533537777300905 1.88 1.4376150840708795
1.2012793004755098 1.272117898510055 1.9000000000000001 1.40255860095102
1.2059228260950374 1.281404949749111 1.9 1.411845652190075
1.1880231024855454 1.3003548115538566 1.9200000000000004 1.376046204971091
1.1923086336328832 1.3089258738485328 1.9200000000000002 1.3846172672657666
1.1740660675316041 1.3280471568991719 1.9400000000000004 1.3481321350632085
1.1779867473569163 1.335888516549797 1.94 1.3559734947138329
1.1594305268696123 1.3551666267934486 1.9600000000000004 1.3188610537392247
1.1629800822851784 1.3622657376245815 1.9600000000000002 1.325960164570357
1.144139897364629 1.3816858300848558 1.9800000000000004 1.2882797947292581
1.1473126490817842 1.3880313335191667 1.9800000000000004 1.2946252981635684
1.1282186440238624 1.407578336048127 2.0000000000000004 1.2564372880477248
1.1310095156398592 1.4131600792801213 2.0000000000000004 1.2620190312797184
1.1116922408526575 1.4328187166737214 2.0200000000000005 1.2233844817053152
1.1140967669729103 1.4376277689142276 2.0200000000000005 1.2281935339458208
1.0945871300960883 1.4573825873526378 2.0400000000000005 1.189174260192177
1.0966014634788048 1.461411254118071 2.04 1.1932029269576097
1.0769306799313654 1.4812466458917901 2.0600000000000005 1.1538613598627314
1.0785515976431332 1.4844884813153256 2.06 1.1571031952862665
1.0587511406787524 1.5043887097975155 2.080000000000001 1.1175022813575053
1.0599760492512327 1.5068385269424758 2.08 1.1199520985024654
1.0400775996010534 1.5267877517675648 2.1000000000000005 1.0801551992021072
1.04090453918053 1.5284416309265179 2.1 1.08180907836106
1.0209399343639927 1.548423933334786 2.120000000000001 1.0418798687279858
1.0213675818471386 1.5492792283010777 2.1200000000000006 1.0427351636942772
1.0013687652319496 1.5692786366086715 2.1400000000000006 1.0027375304638997
1.0013964363827919 1.5693339789103558 2.1400000000000006 1.0027928727655835
0.9813954060755354 1.589334494063983 2.1600000000000006 0.9627908121510712
0.9810230566202326 1.5885897951533772 2.1600000000000006 0.9620461132404649
0.9610518142694003 1.6085754163287924 2.1800000000000006 0.922103628538801
0.9602800399670809 1.6070318677241533 2.1800000000000006 0.9205600799341614
0.9403705395604343 1.6269866179274757 2.2000000000000006 0.8807410791208687
0.9392005752499819 1.6246466893065707 2.200000000000001 0.8784011504999634
0.9193846719881714 1.644554640937475 2.2200000000000006 0.8387693439763432
0.917818389612483 1.6414220761860976 2.220000000000001 0.8356367792249654
0.8981277889407275 1.6612673765219743 2.2400000000000007 0.7962555778814554
0.896167694551604 1.6573471877437267 2.240000000000001 0.7923353891032074
0.8766339014309785 1.6771140843040384 2.2600000000000007 0.7532678028619573
0.8742831311794426 1.6724125438009658 2.260000000000001 0.7485662623588843
0.8549373996789399 1.6920854095512161 2.2800000000000002 0.70987479935788
0.852199714797394 1.6866100397881234 2.280000000000001 0.7043994295947871
0.833072998087415 1.7061733981431118 2.3000000000000003 0.6661459961748302
0.8299527788716695 1.69993295971162 2.3000000000000007 0.6599055577433381
0.8110756796989502 1.7193715092979784 2.3200000000000003 0.6221513593979006
0.8075779184997504 1.712375986899578 2.320000000000001 0.6151558369994998
0.7889806402229671 1.7316746260379685 2.3400000000000003 0.5779612804459344
0.7851109334582316 1.7239352125084968 2.3400000000000016 0.5702218669164624
0.7668232317226272 1.7430790633762978 2.3600000000000003 0.5336464634452547
0.7625877709231796 1.734608141777402 2.3600000000000017 0.5251755418463586
0.7446389060515312 1.753582574213225 2.3800000000000003 0.4892778121030626
0.7400444679546506 1.7443936980194632 2.3800000000000017 0.48008893590930063
0.7224631581307527 1.7631843529314108 2.4000000000000004 0.4449263162615056
0.7175170938373941 1.7532922243446933 2.4000000000000017 0.43503418767478774
0.700331469156965 1.7718850366849066 2.42 0.4006629383139302
0.6950416923699979 1.761305483110972 2.4200000000000017 0.3900833847399952
0.6782792498325262 1.7796867043797064 2.44 0.3565584996650525
0.6726542241948097 1.768436653104273 2.4400000000000017 0.3453084483896187
0.6563417837083553 1.7865928733474987 2.46 0.3126835674167107
0.6503905092609097 1.7746903244526073 2.4600000000000017 0.3007810185218188
0.634554170730251 1.7926084937179352 2.48 0.2691083414605022
0.6282861695121923 1.7800724912818173 2.480000000000002 0.25657233902438403
0.6129512710789784 1.797739940498423 2.5 0.2259025421579569
0.6063765718922554 1.7845905421249764 2.5000000000000018 0.2127531437845102
0.5915676493939794 1.801995003374113 2.5199999999999996 0.18313529878795887
0.5846967717572908 1.7882532481007356 2.520000000000002 0.16939354351458116
0.57043751946995 1.8053828742444047 2.54 0.14087503893990008
0.5632814567875146 1.7910707488795337 2.540000000000002 0.1265629135750288
0.5495946895147688 1.8079141325159052 2.5599999999999996 0.09918937902953746
0.5421648914868784 1.7930545364601245 2.560000000000002 0.08432978297375637
0.5290725080563639 1.8096007281753803 2.58 0.05814501611272758
0.5213808623598631 1.794217436782379 2.580000000000002 0.04276172471972594
0.5089038105850687 1.810455962669775 2.6 0.01780762117013733
0.5009626238530721 1.794573589205782 2.6000000000000023 0.0019252477061439469
0.4891208670168375 1.8104944676238979 2.62 -0.021758265966325137
0.4809428451481162 1.7941384238864555 2.6200000000000023 -0.038114309703767876
0.4697553300613793 1.8097321814298226 2.6400000000000006 -0.060489339877241484
0.4613535578909233 1.7929286370889106 2.6400000000000023 -0.07729288421815367
0.45083818457782293 1.8081863237454596 2.6600000000000006 -0.09832363084435425
0.4422261049411049 1.7909621644720235 2.660000000000002 -0.11554779011779043
0.432399697998942 1.8058753679431039 2.6800000000000006 -0.13520060400211603
0.42359109022338076 1.7882581523919812 2.6800000000000024 -0.1528178195532387
0.41446937190326283 1.802819011552039 2.7000000000000006 -0.17106125619347445
0.4054783297612992 1.7848369272681117 2.7000000000000024 -0.1890433404774018
0.3970758948125384 1.799038144742491 2.7200000000000006 -0.2058482103749233
0.3879168039715996 1.7807199630606132 2.7200000000000024 -0.22416639205680106
0.38024709629011394 1.794554816901355 2.7400000000000007 -0.23950580741977226
0.37093461129554545 1.7759298469122178 2.740000000000002 -0.25813077740890944
0.3640099024136253 1.789392201353177 2.7600000000000007 -0.2719801951727496
0.3545589232414184 1.7704902430087628 2.7600000000000025 -0.29088215351716357
0.3483902926932748 1.7835745582828335 2.7800000000000007 -0.30321941461345053
0.3388159409101051 1.7644258547164937 2.780000000000002 -0.3223681181797902
0.3334132585046151 1.7771271959192376 2.8000000000000003 -0.33317348299076993
0.3237308530733356 1.7577623850566784 2.8000000000000025 -0.35253829385332924
0.31910276310234803 1.770076430042171 2.8200000000000003 -0.3617944737953041
0.30932779587164877 1.7505264955807722 2.820000000000002 -0.3813444082567029
0.30548170327911717 1.762449541877037 2.8400000000000003 -0.3890365934417658
0.2956298141965673 1.742745763711937 2.8400000000000025 -0.4087403716068658
0.2925718727306397 1.7542747344448997 2.8600000000000003 -0.41485625453872066
0.28265882481877136 1.7344486386211626 2.8600000000000025 -0.4346823503624578
0.28039392718579326 1.7455810874376505 2.880000000000001 -0.4392121456284136
0.27043558132126533 1.7256643957085944 2.8800000000000026 -0.4591288373574698
0.26896735135744954 1.736398510690501 2.9000000000000004 -0.46206529728510104
0.2589796408936453 1.7164230897628925 2.9000000000000026 -0.48204071821270983
0.2583104277669339 1.726757696326247 2.920000000000001 -0.48337914446613234
0.2483093330405954 1.7067555068735698 2.9200000000000026 -0.5033813339188096
0.24844020749199117 1.7166900696478709 2.940000000000001 -0.5031195850160178
0.2384417302546806 1.6966931151732494 2.9400000000000026 -0.5231165394906392
0.23937248288506124 1.706227738858058 2.960000000000001 -0.5212550342298777
0.2293926207003583 1.686268014488652 2.9600000000000026 -0.5412147585992838
0.23112176230551523 1.6954034436860723 2.980000000000001 -0.5377564753889698
0.22117648295291542 1.6755128849808725 2.9800000000000026 -0.5576470340941696
0.22370124690628038 1.684250503004189 3.000000000000001 -0.5525975061874394
0.21380646283274787 1.6644609348571238 3.0000000000000027 -0.5723870743345046
0.21712280951199547 1.672802761517499 3.020000000000001 -0.5657543809760092
0.20729435237204794 1.6531458472376035 3.0200000000000027 -0.5854112952559045
0.21139697562249138 1.661094535612381 3.040000000000001 -0.5772060487550174
0.20165057094755273 1.6416017262625031 3.0400000000000027 -0.596698858104895
0.2065329065719913 1.649160558450283 3.0600000000000014 -0.5869341868560175
0.19688414860954143 1.6298630425253828 3.0600000000000027 -0.6062317027809175
0.20253838487097606 1.6370359243946648 3.0800000000000014 -0.594923230258048
0.19300271163375485 1.6179645779202219 3.0800000000000027 -0.6139945767324907
0.19941980175416724 1.624756032860015 3.1000000000000014 -0.6011603964916657
0.19001247031935428 1.6059413699903886 3.1000000000000028 -0.6199750593612918
0.19718214695455175 1.6123565316727893 3.1200000000000014 -0.6056357060908967
0.18791820905244275 1.5938286558685706 3.1200000000000028 -0.6241635818951149
0.19582900071980897 1.599873260034887 3.140000000000002 -0.6083419985603822
0.1867232786510473 1.581661815897363 3.140000000000003 -0.6265534426979058
0.1953625280839145 1.587342191180929 3.1600000000000015 -0.6092749438321711
0.18642959100381018 1.5694763170207195 3.160000000000003 -0.6271408179923801
0.19578347540308577 1.5747993748210813 3.180000000000002 -0.6084330491938286
0.18703761601096697 1.557307656036843 3.180000000000003 -0.6259247679780665
0.1970911691616121 1.56228087946152 3.2000000000000015 -0.6058176616767759
0.1885463808325062 1.5451913028033075 3.200000000000003 -0.6229072383349881
0.19928351704947986 1.5498227346948201 3.2200000000000015 -0.6014329659010403
0.19095347144471342 1.5331626434852867 3.220000000000003 -0.6180930571105736
0.20235701131006845 1.5374608735526087 3.2400000000000015 -0.5952859773798632
0.1942550365026091 1.5212569239376894 3.240000000000003 -0.6114899269947822
0.20630673435256092 1.5252310750127132 3.260000000000002 -0.5873865312948783
0.19844579350210062 1.509509193311792 3.260000000000003 -0.6031084129957992
0.2111263666200893 1.5131689067527971 3.2800000000000016 -0.5777472667598215
0.20351903723198878 1.4979542479765955 3.280000000000003 -0.5929619255360229
0.21680819670102552 1.5013096682420768 3.300000000000002 -0.566383606597949
0.20946665050230573 1.4866265758446364 3.3000000000000025 -0.581066698995389
0.22334313366724012 1.489688334262169 3.320000000000002 -0.5533137326655198
0.21627911713181902 1.475560301191326 3.320000000000003 -0.5674417657363624
0.23072072161958712 1.4783394989474417 3.3400000000000016 -0.5385585567608258
0.22394553717392138 1.4647891300561096 3.3400000000000025 -0.5521089256521576
0.2389291564173428 1.4672973204343984 3.3600000000000017 -0.5221416871653144
0.23245364435654547 1.4543462963128033 3.360000000000003 -0.5350927112869095
0.24795530456483073 1.4565954662086602 3.3800000000000017 -0.5040893908703385
0.2417898257081991 1.4442645084953964 3.3800000000000026 -0.5164203485836022
0.2577847242250149 1.4462670592369882 3.4000000000000017 -0.48443055154997017
0.2519391433387196 1.434575897464397 3.4000000000000026 -0.49612171332256116
0.26840168832643907 1.436344624970537 3.4200000000000017 -0.4631966233471218
0.2628853583398981 1.4253119649974546 3.4200000000000026 -0.47422928332020403
0.2797892097265409 1.4268600393041329 3.4400000000000017 -0.44042158054691805
0.27461095676773284 1.4165035333865164 3.440000000000003 -0.4507780864645346
0.29192906839108035 1.4178444775748422 3.4600000000000017 -0.41614186321783925
0.2870971776647392 1.4081806961221597 3.460000000000003 -0.4258056446705219
0.304801840546194 1.4093283646814319 3.4800000000000018 -0.3903963189076119
0.30032404307748195 1.4003727697440074 3.480000000000003 -0.3993519138450364
0.3183869297564338 1.4013413264045311 3.5000000000000018 -0.36322614048713237
0.31427039002130075 1.3931082469342648 3.500000000000003 -0.3714592199573988
0.33266259987906327 1.393912142005383 3.520000000000002 -0.3346748002418734
0.3289139043410855 1.3864147509294273 3.520000000000003 -0.34217219131782933
0.3476060098418862 1.3870686981790266 3.540000000000002 -0.30478798031622745
0.34423115641392443 1.3803189913231029 3.540000000000003 -0.31153768717215136
0.36319325018896215 1.3808379444355836 3.5600000000000023 -0.27361349962207554
0.3601976386365011 1.3748467213306614 3.560000000000003 -0.279604722726998
0.37939938133573575 1.3752458499810436 3.580000000000002 -0.24120123732852833
0.3767878046372594 1.370022696584091 3.5800000000000036 -0.2464243907254814
0.3961984734723722 1.3703173621665339 3.600000000000002 -0.20760305305525545
0.3939751101505981 1.3658706355229857 3.600000000000003 -0.21204977969880404
0.41356364805145285 1.3660763665725577 3.6200000000000014 -0.17287270389709417
0.4117320554876958 1.3624131814450438 3.620000000000003 -0.1765358890246086
0.4314671207936512 1.3625456487920655 3.6400000000000015 -0.13706575841269752
0.4300302295360132 1.3596718662767897 3.6400000000000032 -0.13993954092797378
0.44988024614257965 1.3597468579735061 3.660000000000002 -0.10023950771484058
0.448840355217073 1.357667076122493 3.660000000000003 -0.1023192895658542
0.46877356309768 1.357700472182189 3.6800000000000015 -0.062452873804639895
0.46813233632978546 1.3564180186464 3.680000000000003 -0.06373532734042925
0.488116842351824 1.3564257656353804 3.7000000000000015 -0.023766315296351787
0.48787530570437027 1.3559426923404732 3.700000000000003 -0.024249388591259614
0.5078791346582051 1.3559407778635553 3.7200000000000015 0.015758269316410486
0.5080376745898281 1.3562578577268014 3.7200000000000033 0.016075349179656036
0.5280288203491331 1.3562622848471484 3.740000000000002 0.0560576406982665
0.5285871831959422 1.3573790105407668 3.7400000000000033 0.05717436639188424
0.5485336599275025 1.3574057721749861 3.760000000000002 0.09706731985500529
0.5494909523089428 1.359320356937867 3.7600000000000033 0.09898190461788542
0.5693608456499879 1.359385410267344 3.780000000000002 0.13872169129997608
0.5707155358982491 1.3620947907638665 3.780000000000004 0.141431071796498
0.5904770540194333 1.3622140317032738 3.800000000000002 0.1809541080388669
0.5922269746301182 1.3657138729246439 3.8000000000000034 0.18445394926023617
0.6118484991024477 1.3659031106884785 3.820000000000002 0.22369699820489555
0.613990850202579 1.3701878128887417 3.8200000000000034 0.22798170040515797
0.6334409865868981 1.3704627446965816 3.8400000000000016 0.26688197317379636
0.6359723404147158 1.3755254523522176 3.8400000000000034 0.2719446808294315
0.6552199684928094 1.3759016383131701 3.860000000000001 0.3104399369856191
0.6581362748821891 1.38173425109193 3.860000000000003 0.31627254976437796
0.6771505984491323 1.3822270893084576 3.8800000000000012 0.35430119689826484
0.6804471913098508 1.3888202750298952 3.8800000000000034 0.3608943826197014
0.6991977874479365 1.3894449769608517 3.9000000000000012 0.39839557489587335
0.7028693922314168 1.3967881865278127 3.900000000000003 0.40573878446283335
0.7213262599868241 1.3975597526501082 3.920000000000001 0.44265251997364846
0.7253670021254125 1.4056412369272857 3.9200000000000035 0.4507340042508247
0.7435006105097327 1.4065744327351248 3.9400000000000013 0.48700122101946575
0.7479040248160075 1.415381261347675 3.9400000000000035 0.4958080496320148
0.7656853600558258 1.4164905937277652 3.9600000000000017 0.5313707201116519
0.7704444010668969 1.4260086757499082 3.9600000000000035 0.5408888021337936
0.7878450130258295 1.4273083697704412 3.9800000000000018 0.5756900260516593
0.7929520662760793 1.4375224762709413 3.9800000000000035 0.5859041325521585
0.809944113974992 1.4390264524214844 4.000000000000002 0.6198882279499841
0.81539100817922 1.449920240829941 4.0000000000000036 0.6307820163584398
