0.0 0.0 2.0 0.0
0.10099750623441398 0.005049875311720699 2.05 0.20199501246882795
0.20348132163357194 0.020273816705119997 2.0999999999999996 0.4069626432671439
0.306429163749602 0.0457693409742787 2.1499999999999995 0.612858327499204
0.4088141214392021 0.08153150523371891 2.1999999999999993 0.8176282428784042
0.5096148983663163 0.12745295622399483 2.249999999999999 1.0192297967326327
0.6078260004967592 0.18332500116714862 2.299999999999999 1.2156520009935183
0.7024677659638926 0.2488396894901812 2.3499999999999988 1.4049355319277852
0.7925961372568227 0.32359288465121694 2.3999999999999986 1.5851922745136453
0.8773120782529265 0.4070882954267044 2.4499999999999984 1.754624156505853
0.9557705421592255 0.498742426447312 2.4999999999999982 1.911541084318451
1.0271889009068291 0.5978903986006148 2.549999999999998 2.0543778018136583
1.0908547519147136 0.7037925812416919 2.599999999999998 2.181709503829427
1.1461330243498828 0.8156419700549217 2.6499999999999977 2.2922660486997657
1.1924723139985196 0.9325722369723418 2.6999999999999975 2.384944627997039
1.2294103835573955 1.0536663718501376 2.7499999999999973 2.458820767114791
1.2565787734797886 1.1779658297019968 2.799999999999997 2.5131575469595773
1.2737064773824334 1.3044800922451079 2.849999999999997 2.5474129547648667
1.2806226453510887 1.432196548381784 2.899999999999997 2.5612452907021774
1.2772582881790848 1.5600905950582926 2.9499999999999966 2.5545165763581696
1.2636469655389604 1.6871358577441948 2.9999999999999964 2.5272939310779208
1.2399244512226368 1.8123144285822748 3.0499999999999963 2.4798489024452737
1.2063273787893791 1.9346270200828757 3.099999999999996 2.4126547575787582
1.1631908811312897 2.0531029330789092 3.149999999999996 2.3263817622625793
1.1109452475018158 2.1668097395105645 3.1999999999999957 2.2218904950036316
1.0501116313536205 2.2748625834533365 3.2499999999999956 2.100223262707241
0.9812968518004016 2.3764330076110376 3.2999999999999954 1.9625937036008032
0.9051873405584006 2.470757217228978 3.349999999999995 1.810374681116801
0.8225422947472384 2.5571436989942598 3.399999999999995 1.6450845894944768
0.7341861038513158 2.6349801189241875 3.449999999999995 1.4683722077026315
0.6410001263833102 2.7037394304359186 3.4999999999999947 1.2820002527666203
0.5439138982780646 2.7629851316689873 3.5499999999999945 1.0878277965561292
0.4438958607136862 2.812375619618575 3.5999999999999943 0.8877917214273724
0.3419436998504181 2.85166759764678 3.649999999999994 0.6838873997008362
0.2390743948489913 2.8807185023817503 3.699999999999994 0.4781487896979826
0.13631407344009322 2.8994879257962047 3.749999999999994 0.27262814688018644
0.0346877762362815 2.9080380182800236 3.7999999999999936 0.069375552472563
-0.0647907681120318 2.906532868686236 3.8499999999999934 -0.1295815362240636
-0.161129254923068 2.8952368675344813 3.8999999999999932 -0.322258509846136
-0.25336670178474696 2.8745120696990907 3.949999999999993 -0.5067334035694939
-0.34058303441415916 2.8448145828891453 3.999999999999993 -0.6811660688283183
-0.4219082644558989 2.8066900179456424 4.049999999999993 -0.8438165289117978
-0.4965311676701484 2.76076804633934 4.0999999999999925 -0.9930623353402968
-0.5637073759450447 2.70775611915858 4.149999999999992 -1.1274147518900894
-0.6227668024150029 2.6484324102405776 4.199999999999992 -1.2455336048300059
-0.6731203256189761 2.583638053838879 4.249999999999992 -1.3462406512379521
-0.7142656660237575 2.514268754256742 4.299999999999992 -1.428531332047515
-0.7457923962936386 2.441265851140872 4.349999999999992 -1.4915847925872772
-0.7673860353286704 2.3656069295597564 4.3999999999999915 -1.534772070657341
-0.7788311852332417 2.2882960685316607 4.449999999999991 -1.5576623704664834
-0.7800136799235162 2.2103538252738226 4.499999999999991 -1.5600273598470324
-0.770921723941237 2.132807055080585 4.549999999999991 -1.541843447882474
-0.7516460101141574 2.0566786683778155 4.599999999999991 -1.5032920202283149
-0.7223788148894305 1.9829774271276361 4.649999999999991 -1.444757629778861
-0.6834120803640608 1.9126878823649616 4.69999999999999 -1.3668241607281215
-0.6351345021442865 1.8467605532395441 4.74999999999999 -1.270269004288573
-0.5780276520826739 1.7861024455281962 4.79999999999999 -1.1560553041653479
-0.5126611745688652 1.7315680041956192 4.84999999999999 -1.0253223491377303
-0.4396871042912772 1.683950590252612 4.89999999999999 -0.8793742085825544
-0.35983336215043465 1.6439745669305263 4.9499999999999895 -0.7196667243008693
-0.2738964942026052 1.6122880741128744 4.999999999999989 -0.5477929884052104
-0.18273372606322857 1.5894565630995827 5.049999999999989 -0.36546745212645715
-0.0872544120279594 1.5759571561950234 5.099999999999989 -0.1745088240559188
0.011589035793124813 1.5721738873832818 5.149999999999989 0.023178071586249627
0.11281064784569905 1.578393871565223 5.199999999999989 0.2256212956913981
0.21540073223896455 1.5948044405694561 5.2499999999999885 0.4308014644779291
0.31833594648520797 1.6214912745056647 5.299999999999988 0.6366718929704159
0.42058950540491563 1.6584375471001709 5.349999999999988 0.8411790108098313
0.5211414233729533 1.7055240935390643 5.399999999999988 1.0422828467459067
0.618988688738767 1.7625305991446503 5.449999999999988 1.237977377477534
0.7131552689301291 1.829137797028095 5.499999999999988 1.4263105378602583
0.8027018464388965 1.9049306527965464 5.549999999999987 1.605403692877793
0.8867351885717147 1.989402504547077 5.599999999999987 1.7734703771434295
0.9644170575018226 2.0819601168507536 5.649999999999987 1.9288341150036452
1.034972571743633 2.1819295983130265 5.699999999999987 2.069945143487266
1.097697935643861 2.288563123682401 5.749999999999987 2.195395871287722
1.151967459787043 2.4010463934539463 5.7999999999999865 2.303934919574086
1.197239802286464 2.518506756557622 5.849999999999986 2.394479604572928
1.233063368703227 2.6400219151071065 5.899999999999986 2.466126737406454
1.2590808167289353 2.7646291243787147 5.949999999999986 2.5181616334578707
1.2750326206974971 2.891334796250036 5.999999999999986 2.5500652413949942
1.2807596603698246 3.0191244103034025 6.049999999999986 2.561519320739649
1.2762048081681387 3.1469726337303006 6.099999999999985 2.5524096163362775
1.2614134990271197 3.2738535490900635 6.149999999999985 2.5228269980542395
1.236533277177601 3.3987508879002997 6.199999999999985 2.473066554355202
1.2018123243836671 3.520668167978363 6.249999999999985 2.4036246487673343
1.1575969843140856 3.6386386334132506 6.299999999999985 2.3151939686281713
1.104328307742618 3.751734898016086 6.3499999999999845 2.208656615485236
1.0425376530390544 3.8590781960551697 6.399999999999984 2.085075306078109
0.9728413858363482 3.9598471479989397 6.449999999999984 1.9456827716726963
0.8959347307450001 4.0532859538280075 6.499999999999984 1.7918694614900001
0.8125848364442254 4.138711932187468 6.549999999999984 1.6251696728884508
0.7236231233260522 4.2155223301759825 6.599999999999984 1.4472462466521043
0.6299369900250753 4.283200335843539 6.6499999999999835 1.2598739800501506
0.5324609615617535 4.34132023342288 6.699999999999983 1.064921923123507
0.4321673673970677 4.389551649870821 6.749999999999983 0.8643347347941354
0.33005664238552823 4.427662850359951 6.799999999999983 0.6601132847710565
0.2271473473751306 4.455523049847984 6.849999999999983 0.4542946947502612
0.124466008999395 4.47310371766671 6.899999999999983 0.24893201799879
0.023036880010199143 4.48047886211719 6.949999999999982 0.046073760020398286
-0.07612827770727802 4.477824292232336 6.999999999999982 -0.15225655541455604
-0.17204028552243822 4.465415864070851 7.049999999999982 -0.34408057104487644
-0.26374241517777364 4.44362672903584 7.099999999999982 -0.5274848303555473
-0.3503199322128818 4.412923611666307 7.149999999999982 -0.7006398644257636
-0.43090922049773683 4.3738621540307765 7.1999999999999815 -0.8618184409954737
-0.5047063968574275 4.327081373163018 7.249999999999981 -1.009412793714855
-0.5709753298569442 4.2732972868273 7.299999999999981 -1.1419506597138884
-0.6290549827581374 4.213295771196546 7.349999999999981 -1.2581099655162749
-0.6783660074023916 4.147924721688519 7.399999999999981 -1.3567320148047832
-0.7184165232446269 4.0780855951561685 7.449999999999981 -1.4368330464892538
-0.7488070238924022 4.004724417799317 7.4999999999999805 -1.4976140477848043
-0.7692343622070862 3.928822348494343 7.54999999999998 -1.5384687244141724
-0.7794947742154651 3.8513858916732153 7.59999999999998 -1.5589895484309302
-0.7794859116680787 3.7734368573790382 7.64999999999998 -1.5589718233361574
-0.7692078629693898 3.6960021686471647 7.69999999999998 -1.5384157259387796
-0.7487631522959439 3.620103617883898 7.74999999999998 -1.4975263045918878
-0.7183557169113166 3.546747674423535 7.799999999999979 -1.4367114338226332
-0.6782888728791948 3.4769154449340096 7.849999999999979 -1.3565777457583896
-0.6289622894667319 3.4115528868167133 7.899999999999979 -1.2579245789334639
-0.5708680024186907 3.351561372222442 7.949999999999979 -1.1417360048373815
-0.5045855058702137 3.297788696807997 7.999999999999979 -1.0091710117404273
-0.43077597185669714 3.251020622921651 8.04999999999998 -0.8615519437133943
-0.3501756550815177 3.2119730415747405 8.09999999999998 -0.7003513101630354
-0.2635885487294653 3.1812848313841915 8.14999999999998 -0.5271770974589306
-0.1718783645846002 3.1595114857184883 8.199999999999982 -0.3437567291692004
-0.07595991745136005 3.1471195716166904 8.249999999999982 -0.1519198349027201
0.023210000180148085 3.14448207575313 8.299999999999983 0.04642000036029617
0.12464216219888666 3.151874683872082 8.349999999999984 0.24928432439777332
0.2273247764650179 3.169473030805277 8.399999999999984 0.4546495529300358
0.33023357749957793 3.197350948503507 8.449999999999985 0.6604671549991559
0.4323420435964863 3.2354797295583104 8.499999999999986 0.8646840871929726
0.532631636440562 3.283728413560163 8.549999999999986 1.065263272881124
0.6301019610907168 3.341865093436727 8.599999999999987 1.2602039221814336
0.7237807449818621 3.409559228740356 8.649999999999988 1.4475614899637241
0.8127335364043603 3.4863849428096674 8.699999999999989 1.6254670728087206
0.8960730257180869 3.57182527091579 8.74999999999999 1.7921460514361738
0.9729678963214087 3.6652773170177646 8.79999999999999 1.9459357926428174
1.042651117086113 3.7660582676881407 8.84999999999999 2.085302234172226
1.1044275935407315 3.873412203219483 8.899999999999991 2.208855187081463
1.1576811014812278 3.986517637970581 8.949999999999992 2.3153622029624557
1.2018804338458517 4.1044957147369345 8.999999999999993 2.4037608676917035
1.2365846995386967 4.2264189714061615 9.049999999999994 2.4731693990773933
1.2614477213458688 4.3513205924503895 9.099999999999994 2.5228954426917376
1.276221489074778 4.478204052971422 9.149999999999995 2.552442978149556
1.2807586334712706 4.606053059098724 9.199999999999996 2.5615172669425412
1.275013896237127 4.733841685584144 9.249999999999996 2.550027792474254
1.2590445814844085 4.860544609470221 9.299999999999997 2.518089162968817
1.2330099841233668 4.985147337750609 9.349999999999998 2.4660199682467336
1.197169800885783 5.106656327001066 9.399999999999999 2.394339601771566
1.151881539833877 5.224108894037049 9.45 2.303763079667754
1.0975969541950996 5.336582818738498 9.5 2.1951939083901992
1.0348575360955232 5.443205543253029 9.55 2.0697150721910464
0.9642891151421262 5.543162875814912 9.600000000000001 1.9285782302842525
0.8865956157334463 5.63570711235869 9.650000000000002 1.7731912314668925
0.8025520353698192 5.7201644949138535 9.700000000000003 1.6051040707396385
0.712996714004997 5.795941932382594 9.750000000000004 1.425993428009994
0.618822971552843 5.862532916660486 9.800000000000004 1.237645943105686
0.5209701969654987 5.919522575086403 9.850000000000005 1.0419403939309975
0.4204144777700199 5.966591808823179 9.900000000000006 0.8408289555400398
0.3181588635344411 6.003520475888402 9.950000000000006 0.6363177270688822
0.2152233603858006 6.030189587084415 10.000000000000007 0.4304467207716012
0.11263475638543141 6.046582492922976 10.050000000000008 0.22526951277086282
0.011416379254035533 6.05278504970495 10.100000000000009 0.022832758508071066
-0.08742211138612872 6.048984763098345 10.15000000000001 -0.17484422277225745
-0.18289479542892517 6.035468917757592 10.20000000000001 -0.36578959085785034
-0.2740493268988644 6.012621711641203 10.25000000000001 -0.5480986537977288
-0.35997643366158305 5.98092042361318 10.300000000000011 -0.7199528673231661
-0.43981898747007137 5.940930652556598 10.350000000000012 -0.8796379749401427
-0.5127805538723744 5.893300675489476 10.400000000000013 -1.0255611077447488
-0.5781333366949031 5.838754980961112 10.450000000000014 -1.1562666733898062
-0.6352254378546398 5.778087042233635 10.500000000000014 -1.2704508757092796
-0.683487360083158 5.712151402336745 10.550000000000015 -1.366974720166316
-0.7224376876973805 5.641855149947718 10.600000000000016 -1.444875375394761
-0.7516878887510304 5.568148871125297 10.650000000000016 -1.5033757775020609
-0.7709461906650192 5.492017167154494 10.700000000000017 -1.5418923813300385
-0.7800204906771124 5.414468833087388 10.750000000000018 -1.5600409813542249
-0.7788202720789601 5.3365267949495845 10.800000000000018 -1.5576405441579202
-0.7673575071259054 5.259217905989341 10.85000000000002 -1.534715014251811
-0.7457465376129914 5.183562703752396 10.90000000000002 -1.4914930752259827
-0.7142029343084264 5.110565230156325 10.95000000000002 -1.4284058686168528
-0.6730413466217324 5.041203016109818 11.000000000000021 -1.3460826932434649
-0.6226723639562681 4.976417330580918 11.050000000000022 -1.2453447279125363
-0.5635984200543322 4.917103791380388 11.100000000000023 -1.1271968401086645
-0.4964087811892609 4.864103431318208 11.150000000000023 -0.9928175623785218
-0.42177366819761336 4.818194308848864 11.200000000000024 -0.8435473363952267
-0.3404375709845431 4.780083746889756 11.250000000000025 -0.6808751419690862
-0.2532118221905796 4.750401277230999 11.300000000000026 -0.5064236443811592
-0.16096650409795688 4.729692360916572 11.350000000000026 -0.32193300819591375
-0.06462176950560385 4.718412947236394 11.400000000000027 -0.1292435390112077
0.03486133685239114 4.716924925603734 11.450000000000028 0.06972267370478227
0.13649046478791835 4.725492515685749 11.500000000000028 0.2729809295758367
0.23925185741384045 4.744279631795838 11.55000000000003 0.4785037148276809
0.34212046343214325 4.773348247838137 11.60000000000003 0.6842409268642865
0.4440701620845394 4.812657779113971 11.65000000000003 0.8881403241690788
0.544083998771005 4.862065487156748 11.700000000000031 1.08816799754201
0.641164329235316 4.9213279035570645 11.750000000000032 1.282328658470632
0.7343427711287012 4.990103258575266 11.800000000000033 1.4686855422574023
0.8226898636841441 5.0679548903159075 11.850000000000033 1.6453797273682882
0.905324339145481 5.1543556004573885 11.900000000000034 1.810648678290962
0.9814219134682096 5.248692913088073 11.950000000000035 1.9628438269364192
1.050223508604223 5.350275184191695 12.000000000000036 2.100447017208446
1.1110428243526633 5.458338500839539 12.050000000000036 2.2220856487053267
1.1632731842472115 5.5720543012695325 12.100000000000037 2.326546368494423
1.206393587191663 5.690537639841477 12.150000000000038 2.412787174383326
1.2399739044783422 5.812856014424977 12.200000000000038 2.4799478089566844
1.2636791703487786 5.938038668166333 12.250000000000039 2.5273583406975573
1.2772729232980302 6.065086272848673 12.30000000000004 2.5545458465960604
1.2806195647929375 6.192980897253221 12.35000000000004 2.561239129585875
1.2736857118759453 6.320696161086666 12.400000000000041 2.5473714237518905
1.2565405301621855 6.4472074731885725 12.450000000000042 2.513081060324371
1.2293550439081544 6.571502251892089 12.500000000000043 2.458710087816309
1.192400430034092 6.692590025589201 12.550000000000043 2.384800860068184
1.1460453131172956 6.8095123127467705 12.600000000000044 2.2920906262345913
1.09075208833898 6.921352182819584 12.650000000000045 2.18150417667796
1.0270723090635177 7.027243402689709 12.700000000000045 2.0541446181270353
0.9556411850592421 7.126379077395846 12.750000000000046 1.9112823701184842
0.8771712462414082 7.2180196989608785 12.800000000000047 1.7543424924828164
0.7924452351418645 7.301500523030042 12.850000000000048 1.584890470283729
0.7023082990034992 7.37623819973731 12.900000000000048 1.4046165980069985
0.6076595593838025 7.441736592656675 12.950000000000049 1.215319118767605
0.5094431433612747 7.497591727793929 13.00000000000005 1.0188862867225494
0.4086387658089587 7.5434958232524405 13.05000000000005 0.8172775316179174
0.30625195667750105 7.579240359376763 13.100000000000051 0.6125039133550021
0.2033040307712055 7.604718158749199 13.150000000000052 0.406608061542411
0.10082190006918723 7.619924455291218 13.200000000000053 0.20164380013837446
-0.00017216978564085772 7.6249569418053955 13.250000000000053 -0.00034433957128171544
-0.09867075665008841 7.620014795483609 13.300000000000054 -0.19734151330017682
-0.19369133097937297 7.605396691102136 13.350000000000055 -0.38738266195874593
-0.2842860566205839 7.581497821722138 13.400000000000055 -0.5685721132411679
-0.36955124553739993 7.548805956614239 13.450000000000056 -0.7391024910747999
-0.44863637215459107 7.50789657572964 13.500000000000057 -0.8972727443091821
-0.5207525574036566 7.459427129251727 13.550000000000058 -1.0415051148073131
-0.5851804378407154 7.404130479489509 13.600000000000058 -1.1703608756814308
-0.6412773413417072 7.342807590530388 13.650000000000059 -1.2825546826834144
-0.6884836977968964 7.276319538573458 13.70000000000006 -1.3769673955937929
-0.726328620857603 7.205578922640733 13.75000000000006 -1.452657241715206
-0.754434605056887 7.131540761345009 13.800000000000061 -1.508869210113774
-0.7725212914501173 7.055192966519658 13.850000000000062 -1.5450425829002346
-0.7804082642129224 6.977546488736506 13.900000000000063 -1.5608165284258448
-0.7780168503002868 6.899625233010846 13.950000000000063 -1.5560337006005736
-0.7653709042150798 6.822455845285077 14.000000000000064 -1.5307418084301596
-0.7425965700579019 6.747057471571428 14.050000000000065 -1.4851931401158038
-0.7099210232318172 6.674431591906942 14.100000000000065 -1.4198420464636343
-0.6676702043535447 6.605552030527674 14.150000000000066 -1.3353404087070895
-0.6162655679754863 6.541355241911223 14.200000000000067 -1.2325311359509725
-0.5562198785502908 6.482730969584934 14.250000000000068 -1.1124397571005815
-0.4881320955734714 6.430513370878746 14.300000000000068 -0.9762641911469429
-0.41268139892509614 6.385472696153817 14.350000000000069 -0.8253627978501923
-0.33062041400814135 6.348307605507156 14.40000000000007 -0.6612408280162827
-0.24276770426317507 6.31963819959359 14.45000000000007 -0.48553540852635013
-0.14999960594700507 6.299999834083081 14.500000000000071 -0.29999921189401013
-0.053241486623882395 6.289837779454537 14.550000000000072 -0.10648297324776479
0.0465414854336431 6.289502779395025 14.600000000000072 0.0930829708672862
0.14835396885841412 6.299247552109628 14.650000000000073 0.29670793771682824
0.25118037778085683 6.319224269441591 14.700000000000074 0.5023607555617137
0.35399501236134595 6.349483038948701 14.750000000000075 0.7079900247226919
0.4557722902100511 6.389971404077271 14.800000000000075 0.9115445804201022
0.5554969766352147 6.440534867419535 14.850000000000076 1.1109939532704294
0.6521743116724957 6.50091843183492 14.900000000000077 1.3043486233449915
0.7448399328776323 6.570769144062426 14.950000000000077 1.4896798657552646
0.8325694949019445 6.649639615451405 15.000000000000078 1.665138989803889
0.9144878898948161 6.7369924846912435 15.050000000000079 1.8289757797896322
0.989777976759061 6.832205778023937 15.10000000000008 1.979555953518122
1.057688732184313 6.934579113471106 15.15000000000008 2.115377464368626
1.1175427421513673 7.043340687187889 15.200000000000081 2.2350854843027346
1.168742959179256 7.157654972254421 15.250000000000082 2.337485918358512
1.2107786579110922 7.276631053108939 15.300000000000082 2.4215573158221844
1.2432305296313464 7.399331512486061 15.350000000000083 2.486461059262693
1.265774864896425 7.524781782212449 15.400000000000084 2.53154972979285
1.2781867825565518 7.6519798645850985 15.450000000000085 2.5563735651131037
1.2803424729592567 7.779906327360889 15.500000000000085 2.5606849459185135
1.272220432958378 7.907534472656771 15.550000000000086 2.544440865916756
1.253901680409286 8.033840578325155 15.600000000000087 2.507803360818572
1.2255689460107249 8.157814109646155 15.650000000000087 2.4511378920214497
1.1875048505547001 8.278467799474427 15.700000000000088 2.3750097011094002
1.140089085766459 8.394847496290485 15.750000000000089 2.280178171532918
1.0837946268558591 8.5060416819216 15.80000000000009 2.1675892537117183
1.0191830145601637 8.611190563992402 15.85000000000009 2.0383660291203274
0.9468987537401772 8.709494652407418 15.900000000000091 1.8937975074803544
0.8676628844040793 8.80022273431463 15.950000000000092 1.7353257688081587
0.7822657892883896 8.882719167999253 16.000000000000092 1.5645315785767793
0.6915593097408956 8.956410422950718 16.050000000000093 1.3831186194817913
0.596448248550101 9.020810800865268 16.100000000000094 1.192896497100202
0.49788134448100096 9.075527280516823 16.150000000000095 0.9957626889620019
0.3968418085467538 9.12026343816821 16.200000000000095 0.7936836170935077
0.2943375164175268 9.154822404416425 16.250000000000096 0.5886750328350536
0.1913909547978505 9.179108827977194 16.300000000000097 0.382781909595701
0.08902902205799629 9.193129826819986 16.350000000000097 0.17805804411599258
-0.011727215141289327 9.19699491716582 16.400000000000098 -0.023454430282578653
-0.1098727070523824 9.190914921056137 16.4500000000001 -0.2197454141047648
-0.2044284462746737 9.175199863389784 16.5000000000001 -0.4088568925493474
-0.2944512334144245 9.150255879405329 16.5500000000001 -0.588902466828849
-0.3790430855575226 9.11658116345673 16.6000000000001 -0.7580861711150452
-0.45736019370503433 9.074760999493604 16.6500000000001 -0.9147203874100687
-0.5286213398205757 9.025461922817323 16.700000000000102 -1.0572426796411514
-0.5921156895289292 8.969425071349848 16.750000000000103 -1.1842313790578585
-0.6472098827332535 8.907458792736739 16.800000000000104 -1.294419765466507
-0.6933543514215352 8.840430581028999 16.850000000000104 -1.3867087028430705
-0.7300888016417717 8.769258423375833 16.900000000000105 -1.4601776032835434
-0.7570468049628383 8.694901643045602 16.950000000000106 -1.5140936099256765
-0.7739594536209338 8.618351330116413 17.000000000000107 -1.5479189072418675
-0.7806580428912893 8.540620455290801 17.050000000000107 -1.5613160857825785
-0.7770757539283151 8.462733765449821 17.100000000000108 -1.5541515078566301
-0.7632483202877516 8.385717561739018 17.15000000000011 -1.5264966405755032
-0.7393136714822229 8.310589462150519 17.20000000000011 -1.4786273429644459
-0.7055105571257495 8.23834825072012 17.25000000000011 -1.411021114251499
-0.6621761653914632 8.169963914594259 17.30000000000011 -1.3243523307829264
-0.6097427595385586 8.106367968347758 17.35000000000011 -1.2194855190771172
-0.5487333660593342 8.048444162067863 17.400000000000112 -1.0974667321186684
-0.47975655745732326 7.99701966589203 17.450000000000113 -0.9595131149146465
-0.4035003816986308 7.952856818934233 17.500000000000114 -0.8070007633972616
-0.32072549889057544 7.916645524904773 17.550000000000114 -0.6414509977811509
-0.2322575936496964 7.888996370277759 17.600000000000115 -0.4645151872993928
-0.1389791388462268 7.870434533652963 17.650000000000116 -0.2779582776924536
-0.04182059288219635 7.861394547066542 17.700000000000117 -0.0836411857643927
0.058248881689137846 7.862215961506889 17.750000000000117 0.11649776337827569
0.1602310856201814 7.873139959872355 17.800000000000118 0.3204621712403628
0.2631087400687294 7.894306951156801 17.85000000000012 0.5262174801374588
0.36585563401783877 7.925755169861129 17.90000000000012 0.7317112680356775
0.46744686079470044 7.967420294601756 17.95000000000012 0.9348937215894009
0.5668690415785975 8.019136089720421 18.00000000000012 1.133738083157195
0.6631304339178203 8.080636063495241 18.05000000000012 1.3262608678356407
0.7552708244224515 8.151556126412254 18.100000000000122 1.510541648844903
0.8423711069527939 8.231438222981016 18.150000000000123 1.6847422139055879
0.9235624507604153 8.319734900866676 18.200000000000124 1.8471249015208306
0.9980349671290303 8.415814771761148 18.250000000000124 1.9960699342580606
1.0650457880649367 8.518968809520846 18.300000000000125 2.1300915761298733
1.1239264764515668 8.62841742274667 18.350000000000126 2.2478529529031337
1.1740896937513985 8.743318231256819 18.400000000000126 2.348179387502797
1.2150350587444831 8.862774468881613 18.450000000000127 2.4300701174889663
1.2463541388623112 8.985843928761952 18.500000000000128 2.4927082777246223
1.2677345243281462 9.111548361921475 18.55000000000013 2.5354690486562923
1.2789629444640247 9.238883235361083 18.60000000000013 2.5579258889280494
1.279927395079065 9.366827752338237 18.65000000000013 2.55985479015813
1.2706182557182546 9.494355034878103 18.70000000000013 2.541236511436509
1.2511283856270874 9.62044236694537 18.75000000000013 2.502256771254175
1.2216521974748022 9.744081396100466 18.800000000000132 2.4433043949496045
1.1824837180758856 9.864288191878 18.850000000000133 2.364967436151771
1.1340136554542668 9.980113060554508 18.900000000000134 2.2680273109085336
1.076725501506421 10.090650018402542 18.950000000000134 2.153451003012842
1.0111907091395584 10.195045828934841 19.000000000000135 2.022381418279117
0.9380629919932489 10.292508513991482 19.050000000000136 1.8761259839864979
0.8580718036051116 10.3823152537714 19.100000000000136 1.7161436072102232
0.7720150610662997 10.46381959700497 19.150000000000137 1.5440301221325994
0.6807511857487717 10.536457909345724 19.200000000000138 1.3615023714975434
0.5851905404985877 10.599754995658092 19.25000000000014 1.1703810809971753
0.4862863487097645 10.65332884011851 19.30000000000014 0.972572697419529
0.38502518586149215 10.696894416847073 19.35000000000014 0.7700503717229843
0.2824171383662225 10.730266533058458 19.40000000000014 0.564834276732445
0.17948572789473133 10.753361676371506 19.45000000000014 0.35897145578946266
0.07725770168364182 10.766198847850426 19.500000000000142 0.15451540336728364
-0.0232472093322722 10.768899372467994 19.550000000000143 -0.0464944186645444
-0.12102646239973454 10.761685688881393 19.600000000000144 -0.24205292479946908
-0.21510470337343385 10.744879130592734 19.650000000000144 -0.4302094067468677
-0.3045434959344304 10.71889672062734 19.700000000000145 -0.6090869918688608
-0.3884506825509437 10.684247011703071 19.750000000000146 -0.7769013651018875
-0.46598928380535287 10.641525013385257 19.800000000000146 -0.9319785676107057
-0.5363858473160678 10.591406256829186 19.850000000000147 -1.0727716946321355
-0.5989381629732557 10.53464005631472 19.900000000000148 -1.1978763259465115
-0.653022267528466 10.472042034789634 19.95000000000015 -1.306044535056932
-0.6980986686669336 10.404485987979864 20.00000000000015 -1.3961973373338672
-0.7337177264770528 10.332895168222665 20.05000000000015 -1.4674354529541056
-0.7595241386365279 10.258233074966986 20.10000000000015 -1.5190482772730558
-0.7752604845751897 10.1814938438064 20.15000000000015 -1.5505209691503794
-0.7807697932612312 10.10369232991458 20.200000000000152 -1.5615395865224624
-0.775997108997036 10.025853984801666 20.250000000000153 -1.551994217994072
-0.7609900396056882 9.94900462737153 20.300000000000153 -1.5219800792113765
-0.7358982815399695 9.874160211314246 20.350000000000154 -1.471796563079939
-0.7009721266509092 9.802316690904702 20.400000000000155 -1.4019442533018185
-0.656559965510967 9.734440086296608 20.450000000000156 -1.313119931021934
-0.6031048121963518 9.671456847411243 20.500000000000156 -1.2062096243927036
-0.5411398851939925 9.614244612541725 20.550000000000157 -1.082279770387985
-0.47128328851388746 9.563623453856332 20.600000000000158 -0.9425665770277749
-0.3942318460630705 9.520347697127484 20.65000000000016 -0.788463692126141
-0.3107541507836941 9.485098397285146 20.70000000000016 -0.6215083015673882
-0.22168289789051532 9.458476544851436 20.75000000000016 -0.44336579578103064
-0.12790657868421418 9.4409970710227 20.80000000000016 -0.25581315736842836
-0.030360617795277545 9.433083711198725 20.85000000000016 -0.06072123559055509
0.06998195773500866 9.435064778195711 20.900000000000162 0.13996391547001732
0.17212022445995823 9.44716988730546 20.950000000000163 0.34424044891991645
0.2750353468012672 9.46952766586852 21.000000000000163 0.5500706936025344
0.37770073999742654 9.502164470208456 21.050000000000164 0.7554014799948531
0.4790923103507187 9.545004122725864 21.100000000000165 0.9581846207014374
0.5781986706256995 9.597868671774684 21.150000000000166 1.156397341251399
0.6740312286999254 9.660480166740966 21.200000000000166 1.3480624573998508
0.7656340488320073 9.732463430617562 21.250000000000167 1.5312680976640145
0.8520933871802286 9.813349802418173 21.300000000000168 1.7041867743604573
0.9325468064543333 9.902581812099902 21.35000000000017 1.8650936129086666
1.0061917787812624 9.999518741361682 21.40000000000017 2.012383557562525
1.0722936909707226 10.103443014849281 21.45000000000017 2.144587381941445
1.1301931723275573 10.213567358014195 21.50000000000017 2.2603863446551147
1.1793126719155387 10.32904265022635 21.55000000000017 2.3586253438310774
1.2191622196639633 10.448966394805325 21.600000000000172 2.4383244393279266
1.2493443138496554 10.572391721481006 21.650000000000173 2.4986886276993108
1.2695578862014356 10.69833683148356 21.700000000000173 2.5391157724028712
1.2796013050748973 10.825794791047377 21.750000000000174 2.5592026101497947
1.2793743867406293 10.953743575638153 21.800000000000175 2.5587487734812586
1.2688793947231631 11.081156264711343 21.850000000000176 2.5377587894463263
1.2482210172221742 11.20701128530861 21.900000000000176 2.4964420344443483
1.2176053228411634 11.330302602311777 21.950000000000177 2.435210645682327
1.177337705040291 11.45004975370585 22.000000000000178 2.354675410080582
