1.0 0.0 -2.0 0.0
0.9014962593516209 -0.004925187032418953 -1.95 -0.19700748129675813
0.8064688652433754 -0.01952693080266914 -1.9 -0.38706226951324935
0.7158657218558941 -0.043410201447705674 -1.8499999999999999 -0.5682685562882119
0.6305906011930423 -0.07608738529525885 -1.7999999999999998 -0.7388187976139154
0.551494127899836 -0.11698314884061495 -1.7499999999999998 -0.897011744200328
0.47936529422857643 -0.16544017773419434 -1.6999999999999997 -1.0412694115428471
0.41492358979194455 -0.2207257335331683 -1.6499999999999997 -1.170152820416111
0.35881182460925837 -0.28203896281310814 -1.5999999999999996 -1.2823763507814832
0.3115897170364549 -0.34851888573082246 -1.5499999999999996 -1.37682056592709
0.27372831054059454 -0.41925298435197 -1.4999999999999996 -1.4525433789188107
0.2456052750119103 -0.4932863050743448 -1.4499999999999995 -1.5087894499761791
0.22750113948310724 -0.5696309843495939 -1.3999999999999995 -1.5449977210337853
0.21959649383477195 -0.6472761026837 -1.3499999999999994 -1.5608070123304558
0.2219701874000549 -0.7251977686219586 -1.2999999999999994 -1.55605962519989
0.23459854243765652 -0.802369332130073 -1.2499999999999993 -1.5308029151246867
0.25735559031877275 -0.8777716254922515 -1.1999999999999993 -1.4852888193624543
0.29001432807202093 -0.9504031295727118 -1.1499999999999992 -1.4199713438559578
0.3322489827522315 -1.0192899640314992 -1.0999999999999992 -1.3355020344955366
0.38363826104588616 -1.0834956018415933 -1.0499999999999992 -1.2327234779082272
0.44366955169818534 -1.1421302112043896 -0.9999999999999991 -1.1126608966036289
0.5117440388422732 -1.1943595316773667 -0.9499999999999991 -0.9765119223154531
0.5871826752248421 -1.239413195974011 -0.899999999999999 -0.8256346495503153
0.6692329557448191 -1.2765924144255278 -0.849999999999999 -0.6615340885103613
0.7570764237386632 -1.3052769454513538 -0.7999999999999989 -0.4858471525226731
0.8498368351366105 -1.32493128250759 -0.7499999999999989 -0.3003263297267786
0.9465888990518982 -1.3351099957981647 -0.6999999999999988 -0.106822201896203
1.0463675076150474 -1.3354621754648175 -0.6499999999999988 0.09273501523009531
1.148177362985029 -1.3257349319348137 -0.5999999999999988 0.2963547259700585
1.2510029055072796 -1.3057759185101983 -0.5499999999999987 0.5020058110145599
1.3538184439845697 -1.2755348510356057 -0.4999999999999987 0.7076368879691405
1.4555983870106424 -1.235064009485845 -0.44999999999999873 0.9111967740212857
1.5553274733084292 -1.1845177164698912 -0.39999999999999875 1.1106549466168596
1.6520108990245859 -1.1241507978532403 -0.34999999999999876 1.3040217980491728
1.7446842409599486 -1.0543160408540135 -0.29999999999999877 1.4893684819198985
1.8324230767510725 -0.9754606749684624 -0.24999999999999878 1.6648461535021462
1.9143522060409388 -0.8881219108288618 -0.1999999999999988 1.8287044120818787
1.98965438065708 -0.7929215814939609 -0.1499999999999988 1.9793087613141611
2.057578456713051 -0.6905599396254543 -0.0999999999999988 2.1151569134261026
2.1174468873155248 -0.5818086724240255 -0.049999999999998795 2.2348937746310504
2.1686624811367965 -0.4675032040014093 1.2073675392798577e-15 2.337324962273594
2.2107143594355065 -0.34853436197279414 0.05000000000000121 2.4214287188710144
2.2431830521039373 -0.22583949139582188 0.10000000000000121 2.486366104207876
2.2657446819084885 -0.10039310469520052 0.15000000000000122 2.5314893638169784
2.278174195185274 0.026802839159487696 0.20000000000000123 2.55634839037055
2.280347606764451 0.15472892925697404 0.2500000000000012 2.560695213528904
2.2722432367300174 0.28235847143169757 0.3000000000000012 2.544486473460037
2.2539419266783267 0.4086677296021149 0.3500000000000012 2.5078838533566556
2.225626233318124 0.5326461376019376 0.4000000000000012 2.4512524666362507
2.187578607455995 0.6533063796406436 0.4500000000000012 2.375157214911993
2.140178576531961 0.7696942388400416 0.5000000000000012 2.2803571530639246
2.083898958809603 0.88089811560712 0.5500000000000013 2.1677979176192084
2.019301146984406 0.9860581208968205 0.6000000000000013 2.0386022939688146
1.9470295082566214 1.084374653658872 0.6500000000000014 1.8940590165132456
1.867804956728272 1.175116376908117 0.7000000000000014 1.7356099134565468
1.7824177622400394 1.2576275128565326 0.7500000000000014 1.564835524480082
1.6917196673803354 1.3313343843375516 0.8000000000000015 1.3834393347606737
1.5966153912998797 1.3957511372715625 0.8500000000000015 1.1932307825997626
1.4980536050817694 1.450484587090645 0.9000000000000016 0.996107210163542
1.39701746868828 1.4952381407791477 0.9500000000000016 0.7940349373765628
1.2945148238789472 1.5298147554075092 1.0000000000000016 0.5890296477578972
1.1915681409261836 1.5541189036477658 1.0500000000000016 0.3831362818523698
1.0892043194105652 1.5681575266646035 1.1000000000000016 0.17840863882113303
0.9884444448334948 1.5720399648768066 1.1500000000000017 -0.023111110333007806
0.8902936032256663 1.565976867279765 1.2000000000000017 -0.2194127935486648
0.7957308553512477 1.5502780902086108 1.2500000000000018 -0.40853828929750224
0.7056994705157192 1.5253496065019594 1.3000000000000018 -0.5886010589685591
0.6210975173957447 1.4916894558975327 1.3500000000000019 -0.7578049652085082
0.5427689057481319 1.4498827770547267 1.400000000000002 -0.9144621885037338
0.47149496835739546 1.400595970760003 1.450000000000002 -1.0570100632852066
0.40798666719252047 1.344570052537499 1.500000000000002 -1.1840266656149567
0.35287750151699687 1.282613260972975 1.550000000000002 -1.294244996966004
0.3067171886941715 1.2155929954835336 1.600000000000002 -1.3865656226116545
0.2699661807222771 1.1444271639543562 1.6500000000000021 -1.4600676385554432
0.2429910711970433 1.0700750265503223 1.7000000000000022 -1.514017857605911
0.22606093851772424 0.9935276270360608 1.7500000000000022 -1.547878122964549
0.21934466181329074 0.9157979070526117 1.8000000000000023 -1.5613106763734161
0.22290923636258997 0.8379106019614058 1.8500000000000023 -1.5541815272748176
0.23671910531226237 0.7608920190451485 1.9000000000000024 -1.5265617893754728
0.26063651435857055 0.6857598000286902 1.9500000000000024 -1.4787269712828564
0.2944228858551673 0.6135127700393772 2.000000000000002 -1.411154228289663
0.3377411986399918 0.5451209742641353 2.050000000000002 -1.324517602720014
0.39015934984237244 0.48151600168825365 2.100000000000002 -1.2196813003152527
0.45115446513610097 0.4235816924371774 2.1500000000000017 -1.0976910697277955
0.5201181144434345 0.3721453214161543 2.2000000000000015 -0.9597637711131285
0.596362381063053 0.32796934619147877 2.2500000000000013 -0.8072752378738917
0.6791267236820424 0.2917438014287337 2.300000000000001 -0.6417465526359127
0.7675855628229067 0.26407941575398125 2.350000000000001 -0.46482887435418413
0.8608565160503255 0.24550151969764297 2.400000000000001 -0.2782869678993465
0.9580091997909581 0.23644480548970728 2.4500000000000006 -0.08398160041808142
1.058074509967591 0.23724899097763485 2.5000000000000004 0.11614901993518442
1.1600542888727268 0.24815543091965087 2.5500000000000003 0.32010857774545587
1.262931281853945 0.26930470945598456 2.6 0.5258625637078924
1.3656792844924805 0.30073523777330596 2.65 0.7313585689849633
1.467273379056278 0.342382870950744 2.6999999999999997 0.9345467581125583
1.5667001581182671 0.39408154780947136 2.7499999999999996 1.1334003162365367
1.6629678333586277 0.4555649473833162 2.7999999999999994 1.325935666717258
1.7551161287151118 0.5264691454870033 2.849999999999999 1.5102322574302258
1.842225859196632 0.6063362448825906 2.899999999999999 1.6844517183932664
1.9234280998108542 0.6946189428329651 2.949999999999999 1.8468561996217108
1.9979128531451675 0.7906859904807664 2.9999999999999987 1.9958257062903375
2.0649371291413745 0.8938284895950936 3.0499999999999985 2.1298742582827512
2.123832356467842 1.0032669638755545 3.0999999999999983 2.2476647129356864
2.1740110515602162 1.1181591342769575 3.149999999999998 2.348022103120435
2.2149726788066033 1.2376083207952986 3.199999999999998 2.4299453576132093
2.246308643421503 1.3606723869067041 3.249999999999998 2.492617286843009
2.2677063672042683 1.486373137437993 3.2999999999999976 2.535412734408539
2.278952406526143 1.6137060761245137 3.3499999999999974 2.557904813052288
2.2799345814437664 1.7416504255230092 3.3999999999999972 2.5598691628875354
2.270643094701103 1.869179309330253 3.449999999999997 2.541286189402209
2.2511706294576808 1.9952699955381923 3.499999999999997 2.502341258915364
2.2217114247682965 2.1189140982494914 3.5499999999999967 2.4434228495365957
2.1825593380363357 2.239127636389723 3.5999999999999965 2.365118676072674
2.1341049137678527 2.3549608489799327 3.6499999999999964 2.268209827535708
2.076831487865775 2.4655076690616142 3.699999999999996 2.153662975731553
2.011310366324139 2.56991476177111 3.749999999999996 2.02262073264828
1.9381951264151795 2.667390036408076 3.799999999999996 1.876390252830361
1.8582150972152955 2.7572105475895996 3.8499999999999956 1.716430194430593
1.772168084502042 2.8387297066754664 3.8999999999999955 1.544336169004086
1.6809124125917607 2.9113837315301567 3.9499999999999953 1.3618248251835232
1.5853583625010128 2.9746972702847954 3.999999999999995 1.1707167250020274
1.4864590918366887 3.0282881430016806 4.049999999999995 0.9729181836733793
1.385201126989455 3.071871153942988 4.099999999999995 0.770402253978912
1.2825945224715036 3.105260936416036 4.149999999999995 0.5651890449430093
1.1796627855598214 3.1283738018176024 4.199999999999995 0.3593255711196449
1.077432666747293 3.141228574432958 4.249999999999995 0.1548653334945884
0.9769239178425225 3.143946403662449 4.2999999999999945 -0.04615216431495281
0.8791391198819661 3.1367495555486733 4.349999999999994 -0.2417217602360656
0.7850536823215897 3.119959195658851 4.399999999999994 -0.42989263535681854
0.6956061132667335 3.0939921854382675 4.449999999999994 -0.6087877734665309
0.6116886577952515 3.0593569239913667 4.499999999999994 -0.776622684409495
0.5341383977572333 3.016648276768991 4.549999999999994 -0.9317232044855314
0.4637289018313624 2.966541641748421 4.599999999999993 -1.0725421963372732
0.40116250912911877 2.9097862122964453 4.649999999999993 -1.1976749817417605
0.3470633233183552 2.847197503918819 4.699999999999993 -1.3058733533632876
0.30197098715030135 2.779649219442252 4.749999999999993 -1.3960580256993953
0.2663352994894764 2.708064533774241 4.799999999999993 -1.4673294010210454
0.2405117285419733 2.6334068851758134 4.8499999999999925 -1.5189765429160516
0.22475786603794182 2.5566703649048095 4.899999999999992 -1.5504842679241144
0.21923085773802062 2.478869801093608 4.949999999999992 -1.561538284523957
0.22398583589457793 2.401030635775238 4.999999999999992 -1.5520283282108422
0.2389753693040572 2.32417869603517 5.049999999999992 -1.5220492613918837
0.2640499364361892 2.249329961322182 5.099999999999992 -1.4719001271276198
0.29895941692057865 2.1774804289900205 5.1499999999999915 -1.4020811661588408
0.34335558651299225 2.109596179161699 5.199999999999991 -1.3132888269740137
0.3967955906539047 2.046603738020044 5.249999999999991 -1.2064088186921889
0.45874636197033924 1.9893808356512561 5.299999999999991 -1.0825072760593197
0.5285899376561469 1.9387476506325805 5.349999999999991 -0.9428201246877043
0.6056296236895242 1.895458628699864 5.399999999999991 -0.7887407526209496
0.6890969443993152 1.8601949571043062 5.44999999999999 -0.6218061112013675
0.7781593080577416 1.833557769727159 5.49999999999999 -0.44368138388451495
0.8719283120347938 1.8160621507317858 5.54999999999999 -0.25614337593041037
0.9694686046698532 1.8081319965670182 5.59999999999999 -0.061062790660291716
1.069807215462819 1.8100957875736519 5.64999999999999 0.1396144309256403
1.1719432605155076 1.8221833113725683 5.6999999999999895 0.3438865210310173
1.274857926410934 1.8445233707188904 5.749999999999989 0.5497158528218704
1.3775246329406656 1.8771424986864704 5.799999999999989 0.7550492658813333
1.4789192733064005 1.9199646939988237 5.849999999999989 0.9578385466128028
1.5780304296491288 1.9728121791466002 5.899999999999989 1.1560608592982593
1.673869462005332 2.0354071737293236 5.949999999999989 1.3477389240106659
1.7654803700522552 2.107374665332203 5.9999999999999885 1.5309607401045122
1.851949329270727 2.1882461502983523 6.049999999999988 1.7038986585414555
1.93241380640171 2.2774643070819742 6.099999999999988 1.8648276128034218
2.0060711632693344 2.3743885555655266 6.149999999999988 2.0121423265386706
2.072186663146741 2.4783014468863307 6.199999999999988 2.1443733262934837
2.1301007998007386 2.588415820033705 6.249999999999988 2.260201599601479
2.1792358761075965 2.7038826538291216 6.299999999999987 2.3584717522151952
2.21910176661787 2.823799535965395 6.349999999999987 2.4382035332357423
2.249300806588314 2.9472196646257043 6.399999999999987 2.498601613176631
2.2695317587124912 3.073161292890745 6.449999999999987 2.539063517424985
2.2795928179816807 3.2006175217254533 6.499999999999987 2.559185635963364
2.2793836247024246 3.328566343859659 6.5499999999999865 2.5587672494048515
2.2689062655907253 3.4559808383743165 6.599999999999986 2.537812531181453
2.248265252956924 3.581839414301699 6.649999999999986 2.49653050591385
2.2176664821888887 3.7051360010589898 6.699999999999986 2.4353329643777797
2.1774151779326854 3.8248900840650686 6.749999999999986 2.3548303558653725
2.1279128494577018 3.940156485434588 6.799999999999986 2.2558256989154053
2.0696532855766563 4.050034792186306 6.849999999999985 2.1393065711533144
2.003217629071405 4.153678337918709 6.899999999999985 2.0064352581428113
1.9292685797574611 4.250302648360153 6.949999999999985 1.8585371595149236
1.8485437840120214 4.339193266548627 6.999999999999985 1.6970875680240443
1.7618484767053644 4.4197128795844955 7.049999999999985 1.5236969534107305
1.6700474489328185 4.491307675866405 7.0999999999999845 1.340094897865639
1.574056421669671 4.553512869396529 7.149999999999984 1.1481128433393442
1.4748329113973497 4.6059573360498804 7.199999999999984 0.9496658227947016
1.3733666788168255 4.64836731556059 7.249999999999984 0.7467333576336531
1.270669855923914 4.680569142297626 7.299999999999984 0.5413397118478299
1.167766849929517 4.702490977590298 7.349999999999984 0.3355336998590359
1.065684124733828 4.714163526323465 7.3999999999999835 0.13136824946765796
0.9654399618849338 4.715719730654403 7.449999999999983 -0.06912007623013053
0.8680343031568881 4.7073934439064935 7.499999999999983 -0.26393139368622176
0.7744387760681752 4.689517097867747 7.549999999999983 -0.4511224478636474
0.6855870018366377 4.662518386762988 7.599999999999983 -0.6288259963267225
0.6023652824496224 4.626916000977301 7.649999999999983 -0.7952694351007532
0.5256037597464013 4.583314453087103 7.699999999999982 -0.9487924805071954
0.4560681347015702 4.532398047809501 7.749999999999982 -1.0878637305968577
0.39445202951009006 4.474924056020084 7.799999999999982 -1.2110959409798179
0.34137006866264885 4.411715160928721 7.849999999999982 -1.3172598626747003
0.2973517480280491 4.343651251763256 7.899999999999982 -1.4052965039438998
0.2628361530989052 4.271660646819604 7.9499999999999815 -1.4743276938021876
0.23816757908648042 4.196710833428873 7.999999999999981 -1.523664841827037
0.22359209655448975 4.1197988172109214 8.049999999999981 -1.5528158068910185
0.21925509684988578 4.04194117688114 8.099999999999982 -1.5614898063002265
0.2251998418151084 3.9641639238143904 8.149999999999983 -1.5496003163697813
0.24136703224850944 3.8874922675175716 8.199999999999983 -1.5172659355029792
0.26759539941758625 3.8129403891008766 8.249999999999984 -1.4648092011648255
0.30362331372464224 3.741501324757988 8.299999999999985 -1.3927533725507135
0.34909139447833526 3.674137060168137 8.349999999999985 -1.3018172110433275
0.4035460947384788 3.611768934628978 8.399999999999986 -1.1929078105230404
0.46644422547504655 3.5552684506396544 8.449999999999987 -1.067111549049905
0.5371583739126113 3.505448580609037 8.499999999999988 -0.9256832521747755
0.6149831620118957 3.4630556574052624 8.549999999999988 -0.7700336759762068
0.6991422826596899 3.4287619296388416 8.599999999999989 -0.6017154346806184
0.7887962433807043 3.4031588559408616 8.64999999999999 -0.4224075132385897
0.8830507403273475 3.3867512051262643 8.69999999999999 -0.23389851934530334
0.9809655790163614 3.37995202109345 8.749999999999991 -0.03806884196727564
1.0815640528274066 3.3830785026856383 8.799999999999992 0.1631281056548147
1.1838426857124926 3.3963488396126333 8.849999999999993 0.3676853714249868
1.2867812419321174 3.419880035994864 8.899999999999993 0.5735624838642364
1.3893529029703744 3.4536867432399885 8.949999999999994 0.7787058059407505
1.4905345101136651 3.4976811138941906 8.999999999999995 0.981069020227332
1.589316770522655 3.5516736779260065 9.049999999999995 1.1786335410453117
1.6847143249912693 3.615375232701703 9.099999999999996 1.3694286499825403
1.7757755769662051 3.688399727799577 9.149999999999997 1.551551153932412
1.861592184781877 3.770268115886981 9.199999999999998 1.7231843695637559
1.9413081224251612 3.860413131247333 9.249999999999998 1.8826162448503243
2.0141282184482443 3.958184948291003 9.299999999999999 2.0282564368964904
2.07932608785339 4.062857663606085 9.35 2.1586521757067816
2.1362513778285765 4.173636536890183 9.4 2.272502755657155
2.1843362550573433 4.289665918534479 9.450000000000001 2.368672510114689
2.2231010698915235 4.410037784781922 9.500000000000002 2.4462021397830487
2.2521591408863864 4.5338007953208175 9.550000000000002 2.504318281772775
2.2712206119721583 4.659969782963745 9.600000000000003 2.542441223944319
2.2800953437863876 4.787535580751672 9.650000000000004 2.5601906875727773
2.27869481032594 4.915475088457288 9.700000000000005 2.557389620651882
2.267032981999398 5.0427614780735555 9.750000000000005 2.534065963998798
2.245226186271366 5.168374436487094 9.800000000000006 2.490452372542734
2.2134919472887566 5.2913103431651 9.850000000000007 2.426983894577515
2.1721468160638655 5.410592281332732 9.900000000000007 2.344293632127733
2.1216032128582873 5.525279782778839 9.950000000000008 2.2432064257165765
2.0623653132650954 5.6344782090850085 10.000000000000009 2.1247306265301926
1.9950240190258677 5.7373476756995565 10.05000000000001 1.9900480380517371
1.9202510637489754 5.833111429838299 10.10000000000001 1.8405021274979525
1.8387923123249612 5.921063598641996 10.150000000000011 1.677584624649924
1.7514603208777555 6.000576230302132 10.200000000000012 1.5029206417555123
1.6591262314666817 6.071105557919354 10.250000000000012 1.318252462933365
1.562711082390105 6.132197423612193 10.300000000000013 1.1254221647802116
1.4631766207709835 6.183491808770247 10.350000000000014 0.9263532415419689
1.3615157090693586 6.224726425262265 10.400000000000015 0.7230314181387191
1.2587424212174159 6.255739331776604 10.450000000000015 0.5174848424348336
1.1558819271687908 6.276470549195914 10.500000000000016 0.31176385433758336
1.0539602667643673 6.286962658892572 10.550000000000017 0.10792053352873632
0.9539941149208977 6.287360377976836 10.600000000000017 -0.09201177015820283
0.8569806402353244 6.277909115734647 10.650000000000018 -0.28603871952934934
0.7638875581658577 6.258952525654706 10.700000000000019 -0.47222488366828275
0.6756434780099485 6.230929077463497 10.75000000000002 -0.6487130439801011
0.5931286399686533 6.194367683362427 10.80000000000002 -0.8137427200626915
0.5171661346957507 6.149882422095647 10.850000000000021 -0.9656677306084969
0.44851369291715476 6.098166413476292 10.900000000000022 -1.1029726141656886
0.38785612701968447 6.039984904473134 10.950000000000022 -1.2242877459606292
0.33579850000481093 5.976167635824359 11.000000000000023 -1.3284029999903764
0.29286008994749546 5.9076005653219745 11.050000000000024 -1.4142798201050073
0.25946921016501795 5.8352170303276 11.100000000000025 -1.4810615796699624
0.2359589367649343 5.759988437674098 11.150000000000025 -1.5280821264701296
0.22256378619013814 5.682914573821852 11.200000000000026 -1.5548724276197219
0.2194173759027221 5.605013631926495 11.250000000000027 -1.561165248194554
0.22655109154146347 5.5273120552987045 11.300000000000027 -1.546897816917071
0.24389377384812044 5.450834298568184 11.350000000000028 -1.5122124523037572
0.2712724284854695 5.376592608684864 11.400000000000029 -1.457455143029059
0.30841395166660435 5.305576927692468 11.45000000000003 -1.3831720966667893
0.35494785438223697 5.23874501799491 11.50000000000003 -1.290104291235524
0.4104099580516627 5.1770129086166055 11.550000000000031 -1.1791800838966726
0.474247024733042 5.12124575775584 11.600000000000032 -1.0515059505339142
0.5458222757063611 5.072249222777811 11.650000000000032 -0.908355448587276
0.6244217433808636 5.030761423732172 11.700000000000033 -0.751156513238271
0.7092613931662802 4.997445580559529 11.750000000000034 -0.5814772136674378
0.7994949442667465 4.972883397431181 11.800000000000034 -0.4010101114665052
0.894222311384502 4.957569260213743 11.850000000000035 -0.21155537723099416
0.9924985831268511 4.951905304939311 11.900000000000036 -0.015002833746296046
1.0933434475562143 4.956197406473464 11.950000000000037 0.18668689511243006
1.195750970862822 4.970652127394416 12.000000000000037 0.39150194172564573
1.2986996316171822 4.995374657518417 12.050000000000038 0.5973992632343662
1.4011625105100243 5.030367764624777 12.100000000000039 0.8023250210200507
1.5021175339364323 5.075531766847099 12.15000000000004 1.0042350678728669
1.6005576692437737 5.1306655270061094 12.20000000000004 1.20111533848755
1.6955009699451924 5.195468458965558 12.25000000000004 1.3910019398903872
1.786000370697033 5.269543525997669 12.300000000000042 1.5720007413940686
1.871153134334689 5.352401201249255 12.350000000000042 1.7423062686693804
1.9501098567320987 5.443464350802595 12.400000000000043 1.9002197134641998
2.022082939660859 5.542073990622242 12.450000000000044 2.0441658793217203
2.0863544471316557 5.647495859961868 12.500000000000044 2.1727088942633137
2.142283266850516 5.758927745660976 12.550000000000045 2.284566533701034
2.1893115053539094 5.875507484271198 12.600000000000046 2.378623010707821
2.22697005303083 5.9963215621904356 12.650000000000047 2.4539401060616624
2.254883263520411 6.120414228017998 12.700000000000047 2.509766527040824
2.272772700807793 6.2467970262344075 12.750000000000048 2.545545401615588
2.280459916640733 6.374458657106834 12.800000000000049 2.560919833281469
2.2778682305620452 6.502375064466973 12.85000000000005 2.555736461124093
2.2650234948019405 6.629519650735173 12.90000000000005 2.5300469896038837
2.24205383640042 6.754873517295291 12.95000000000005 2.4841076728008424
2.2091883791320623 6.8774356280719156 13.000000000000052 2.418376758264127
2.166754957982088 6.996232794927623 13.050000000000052 2.333509915964178
2.1151768489719434 7.110329385275325 13.100000000000053 2.2303536979438885
2.0549685469545973 7.218836655071652 13.150000000000054 2.1099370939091964
1.9867306334963075 7.320921614094197 13.200000000000054 1.973461266992617
1.9111437860380547 7.415815335070915 13.250000000000055 1.8222875720761111
1.8289619880956316 7.5028206237776 13.300000000000056 1.6579239761912652
1.7410050082270676 7.581318973593735 13.350000000000056 1.4820100164541372
1.6481502227901539 7.650776735144596 13.400000000000057 1.2963004455803098
1.5513238640585754 7.7107504394870325 13.450000000000058 1.1026477281171525
1.4514917809972354 7.760891221739823 13.500000000000059 0.9029835619944727
1.3496498048586165 7.800948301032616 13.55000000000006 0.6992996097172348
1.2468138157039514 7.830771482060745 13.60000000000006 0.49362763140790483
1.1440096089362795 7.8503126532927565 13.65000000000006 0.28801921787256074
1.0422626629273477 7.859626266885938 13.700000000000061 0.08452532585469733
0.9425879098069213 7.8588687955226515 13.750000000000062 -0.11482418038615544
0.8459796114515132 7.848297171585573 13.800000000000063 -0.30804077709697164
0.7534014416601799 7.828266224241157 13.850000000000064 -0.49319711667963845
0.6657768734482962 7.799225139996581 13.900000000000064 -0.6684462531034059
0.5839799673466539 7.761712982036329 13.950000000000065 -0.8320400653066904
0.5088266525931747 7.71635331303332 14.000000000000066 -0.9823466948136488
0.44106658818789335 7.663847975072374 14.050000000000066 -1.1178668236242115
0.38137568499769536 7.604970088731653 14.100000000000067 -1.2372486300046075
0.33034936350328103 7.540556341156702 14.150000000000068 -1.3393012729934362
0.2884966144427492 7.471498640054003 14.200000000000069 -1.4230067711144998
0.2562349215972523 7.398735216856004 14.25000000000007 -1.4875301568054935
0.23388609736425167 7.323241267804079 14.30000000000007 -1.5322278052714948
0.2216730726587897 7.246019226305231 14.35000000000007 -1.5566538546824187
0.21971767316371385 7.168088763596356 14.400000000000071 -1.5605646536725704
0.22803940411089532 7.090476617460086 14.450000000000072 -1.5439211917782074
0.24655525571532472 7.014206350451397 14.500000000000073 -1.5068894885693487
0.27508053120289305 6.940288139797309 14.550000000000074 -1.449838937594212
0.3133306891722281 6.869708700816065 14.600000000000074 -1.3733386216555419
0.36092418191291253 6.803421444370322 14.650000000000075 -1.278151636174173
0.41738626136768264 6.742336966534352 14.700000000000076 -1.1652274772646327
0.48215371477389735 6.687313965341431 14.750000000000076 -1.0356925704522033
0.5545804827459584 6.639150675217424 14.800000000000077 -0.8908390345080812
0.6339441037579601 6.59857690454262 14.850000000000078 -0.7321117924840779
0.7194529207424509 6.566246755767641 14.900000000000079 -0.561094158515096
0.8102539779190371 6.542732100700715 14.95000000000008 -0.3794920441619237
0.9054415290814684 6.528516876050741 15.00000000000008 -0.1891169418370613
1.0040660724725132 6.52399225612844 15.05000000000008 0.008132144945028563
1.105143822123184 6.529452750858225 15.100000000000081 0.21028764424637014
1.2076665211791098 6.54509326802334 15.150000000000082 0.41533304235822166
1.3106114993255182 6.571007169048571 15.200000000000083 0.6212229986510387
1.412951873987383 6.607185337714217 15.250000000000083 0.8259037479747683
1.513666793547129 6.653516271090942 15.300000000000084 1.0273335870942606
1.6117516204031634 6.7097871917884575 15.350000000000085 1.223503240806329
1.7062279522925825 6.775686170423245 15.400000000000086 1.4124559045851672
1.796153381914744 6.850805237133611 15.450000000000086 1.5923067638294903
1.8806308975028432 6.93464445110449 15.500000000000087 1.761261795005689
1.9588178305722108 7.026616887508243 15.550000000000088 1.9176356611444245
2.029934261590983 7.126054492116403 15.600000000000088 2.0598685231819687
2.0932707997260547 7.2322147451822545 15.65000000000009 2.186541599452112
2.148195659060866 7.3442880681216005 15.70000000000009 2.2963913181217355
2.19416096069931 7.461405899109609 15.75000000000009 2.3883219213986235
2.2307081978918757 7.582649357039169 15.800000000000091 2.461416395783755
2.257472809669061 7.7070584074172155 15.850000000000092 2.5149456193381257
2.274187817359772 7.833641438768657 15.900000000000093 2.5483756347195476
2.2806864877202107 7.961385154022657 15.950000000000093 2.5613729754404257
2.2769039961083783 8.089264678214086 16.000000000000092 2.5538079922167607
2.2628780731139186 8.216253781675201 16.050000000000093 2.5257561462278413
2.2387486281931355 8.341335116740554 16.100000000000094 2.477497256386275
2.204756354063443 8.463510365853383 16.150000000000095 2.4095127081268903
2.161240325778505 8.58181019984548 16.200000000000095 2.3224806515570133
2.108634618433432 8.695303947056077 16.250000000000096 2.217269236866867
2.0474639772386487 8.803108876839682 16.300000000000097 2.0949279544773005
1.9783385831537044 8.9043990048593 16.350000000000097 1.956677166307412
1.9019479662941594 8.998413332331694 16.400000000000098 1.8038959325883221
1.819054127825695 9.084463437037687 16.4500000000001 1.6381082556513937
1.7304839389549795 9.161940340376722 16.5000000000001 1.4609678779099626
1.6371208928378302 9.230320581966362 16.5500000000001 1.274241785675664
1.5398962916799046 9.289171441192249 16.6000000000001 1.0797925833598128
1.4397799569391372 9.338155253623201 16.6500000000001 0.8795599138782779
1.3377705552962336 9.37703277923497 16.700000000000102 0.6755411105924707
1.2348856368922703 9.405665588844395 16.750000000000103 0.4697712737845442
1.1321514852025987 9.424017444949138 16.800000000000104 0.2643029704052011
1.0305928797951955 9.432154663199029 16.850000000000104 0.06118575959039485
0.9312228740905835 9.430245450893318 16.900000000000105 -0.1375542518188294
0.8350326900908033 9.418558229102388 16.950000000000106 -0.32993461981838984
0.7429818308781473 9.397458955150835 17.000000000000107 -0.5140363382437017
0.6559885095120933 9.367407472170347 17.050000000000107 -0.6880229809758096
0.5749204897967916 9.328952922135791 17.100000000000108 -0.850159020406413
0.5005864302830183 9.282728268139781 17.15000000000011 -0.9988271394339596
0.4337278178487162 9.229443980546367 17.20000000000011 -1.1325443643025637
0.3750115713211601 9.169880950004861 17.25000000000011 -1.249976857357676
0.3250233889200762 9.104882698016924 17.30000000000011 -1.3499532221598436
0.28426190588138556 9.035346962756998 17.35000000000011 -1.431476188237225
0.2531337205396386 8.96221674407805 17.400000000000112 -1.4937325589207187
0.23194933848427932 8.886470897029247 17.450000000000113 -1.5361013230314373
0.22092007524703194 8.809114367715813 17.500000000000114 -1.5581598495059321
0.2201559484162979 8.731168168898979 17.550000000000114 -1.5596881031674001
0.22966458020485284 8.653659195330036 17.600000000000115 -1.5406708395902904
0.24935112141779833 8.577609980411168 17.650000000000116 -1.5012977571643995
0.27901919757919486 8.504028496361018 17.700000000000117 -1.4419616048416064
0.31837286777970153 8.433898099628964 17.750000000000117 -1.3632542644405932
0.36701957670559776 8.36816772185323 17.800000000000118 -1.2659608465888008
0.42447407040251034 8.307742404208636 17.85000000000012 -1.1510518591949757
0.49016323671386175 8.253474269564455 17.90000000000012 -1.0196735265722727
0.5634318221103616 8.206154022505666 17.95000000000012 -0.8731363557792731
0.643548967884813 8.166503062005425 18.00000000000012 -0.7129020642303702
