2.0 0.0 1.0 0.0
2.0511221945137157 0.0025561097256857853 1.05 0.10224438902743141
2.1042282075360226 0.01032362982817271 1.1 0.20845641507204557
2.1587883032761748 0.0234744553687826 1.1500000000000001 0.31757660655235004
2.214258241377662 0.042126782601474455 1.2000000000000002 0.42851648275532433
2.2700847057496962 0.06634392995784238 1.2500000000000002 0.5401694114993927
2.3257108239297133 0.09613370644181288 1.3000000000000003 0.6514216478594272
2.3805817219209056 0.13144833373434384 1.3500000000000003 0.7611634438418116
2.4341500590949314 0.17218492278513572 1.4000000000000004 0.8683001181898636
2.4858814879488085 0.21818650013732277 1.4500000000000004 0.9717629758976178
2.5352599842545676 0.26924357374749164 1.5000000000000004 1.0705199685091364
2.581792994433099 0.32509622268187505 1.5500000000000005 1.1635859888662
2.625016348806812 0.3854366898438707 1.6000000000000005 1.2500326976136253
2.664498891721105 0.4499124518702666 1.6500000000000006 1.3289977834422118
2.6998467823489034 0.5181297355737672 1.7000000000000006 1.3996935646978084
2.730707423277461 0.5896574458550855 1.7500000000000007 1.461414846554923
2.756772977689535 0.6640314659034353 1.8000000000000007 1.513545955379071
2.7777834400548302 0.7407592867906536 1.8500000000000008 1.5555668801096623
2.7935292297013743 0.8193249202784639 1.9000000000000008 1.5870584594027506
2.803853281395785 0.899194045833322 1.9500000000000008 1.607706562791572
2.8086526120787667 0.9798193405070497 2.000000000000001 1.617305224157535
2.807879348127546 1.0606459385173654 2.0500000000000007 1.6157586962550936
2.801541202898245 1.141116966068655 2.1000000000000005 1.6030824057964916
2.7897013997846725 1.2206790962028011 2.1500000000000004 1.579402799569346
2.772478041561028 1.2987880682700863 2.2 1.5449560831220572
2.7500429322993685 1.3749141169631063 2.25 1.500085864598738
2.7226198636132763 1.4485472567587385 2.3 1.4452397272265536
2.6904823823225628 1.5192023690555305 2.3499999999999996 1.3809647646451266
2.6539510618066866 1.586424041261993 2.3999999999999995 1.3079021236133743
2.6133903042653075 1.6497911095655928 2.4499999999999993 1.2267806085306157
2.569204705783626 1.7089208600680394 2.499999999999999 1.1384094115672523
2.52183502046121 1.7634728463802813 2.549999999999999 1.0436700409224202
2.4717537638623726 1.8131522855964606 2.5999999999999988 0.9435075277247459
2.419460499643961 1.8577129987717773 2.6499999999999986 0.838920999287922
2.3654768563767314 1.896959866572812 2.6999999999999984 0.7309537127534629
2.3103413242678386 1.9307507756050406 2.7499999999999982 0.6206826485356775
2.2546038836874462 1.9589980360028048 2.799999999999998 0.5092077673748927
2.1988205190802463 1.9816692561411895 2.849999999999998 0.39764103816049307
2.143547672985962 1.9987876657444998 2.8999999999999977 0.2870953459719239
2.089336695490321 2.010431884168314 2.9499999999999975 0.17867339098064225
2.03672834447358 2.0167351361665093 2.9999999999999973 0.07345668894715968
1.9862473915169525 2.017883922966036 3.049999999999997 -0.027505216966095133
1.938397387273373 2.014116161905552 3.099999999999997 -0.12320522545325423
1.8936556385183385 2.005718813195138 3.149999999999997 -0.21268872296332347
1.852468446985066 1.993025017470308 3.1999999999999966 -0.2950631060298684
1.8152466574768802 1.9764107726934053 3.2499999999999964 -0.36950668504624007
1.7823615596646856 1.9562911835504835 3.2999999999999963 -0.4352768806706293
1.754141184449352 1.9331163207561852 3.349999999999996 -0.49171763110129657
1.7308670318330273 1.9073667315703042 3.399999999999996 -0.5382659363339459
1.7127712629390663 1.8795486463089088 3.4499999999999957 -0.5744574741218677
1.7000343841903516 1.8501889286653797 3.4999999999999956 -0.599931231619297
1.6927834467464713 1.8198298202122207 3.5499999999999954 -0.6144331065070575
1.6910907791604817 1.7890235315075684 3.599999999999995 -0.6178184416790369
1.6949732658970806 1.7583267337604465 3.649999999999995 -0.6100534682058388
1.7043921789090204 1.7282950060007516 3.699999999999995 -0.5912156421819591
1.719253563951793 1.6994772931437923 3.7499999999999947 -0.561492872096414
1.7394091777830762 1.6724104302305358 3.7999999999999945 -0.5211816444338473
1.7646579668983189 1.6476137874646055 3.8499999999999943 -0.470684066203362
1.7947480730519823 1.6255840894621205 3.899999999999994 -0.41050385389603516
1.8293793455592418 1.6067904603926817 3.949999999999994 -0.341241308881516
1.8682063353177807 1.5916697444365329 3.999999999999994 -0.263587329364438
1.9108417406841223 1.580622148236628 4.049999999999994 -0.17831651863175468
1.9568602708316698 1.5740072488124177 4.099999999999993 -0.08627945833665984
2.0058028880532155 1.572140406756662 4.149999999999993 0.011605776106431542
2.057181386690689 1.5752896204938573 4.199999999999993 0.114362773381379
2.110483263017034 1.5836728529792434 4.249999999999993 0.22096652603406824
2.1651768274928345 1.5974558575047368 4.299999999999993 0.33035365498566954
2.2207165084026217 1.6167505242995097 4.3499999999999925 0.4414330168052442
2.276548293966747 1.6416137644179782 4.399999999999992 0.5530965879334947
2.3321152586434235 1.6720469420484867 4.449999999999992 0.6642305172868475
2.3868631184957265 1.7079958609054442 4.499999999999992 0.7737262369914536
2.4402457602084215 1.7493513048406517 4.549999999999992 0.8804915204168433
2.491730688602329 1.7959501272811893 4.599999999999992 0.9834613772046584
2.5408043383069363 1.8475768786266527 4.6499999999999915 1.0816086766138735
2.586977196606986 1.9039659553723487 4.699999999999991 1.1739543932139724
2.6297886863623274 1.9648042495208144 4.749999999999991 1.2595773727246553
2.6688117602936057 2.029734271853611 4.799999999999991 1.3376235205872118
2.7036571608054962 2.0983577179085664 4.849999999999991 1.4073143216109931
2.733977302855487 2.1702394410916157 4.899999999999991 1.467954605710974
2.7594697411363454 2.2449117932912075 4.94999999999999 1.5189394822726907
2.779880186986916 2.3218792896973706 4.99999999999999 1.559760373973832
2.795005044937368 2.400623551293585 5.04999999999999 1.5900100898747354
2.804693443586699 2.480608475719788 5.09999999999999 1.609386887173397
2.808848740554367 2.5612855849268414 5.14999999999999 1.617697481108733
2.8074294864940614 2.642099496279263 5.1999999999999895 1.6148589729881215
2.800449838553516 2.722493462531642 5.249999999999989 1.60089967710703
2.7879794191560774 2.8019149254171216 5.299999999999989 1.5759588383121528
2.7701426215126927 2.8798210274505602 5.349999999999989 1.5402852430253835
2.7471173687918746 2.9556840269657885 5.399999999999989 1.4942347375837475
2.719133339325003 3.028996562371632 5.449999999999989 1.4382666786500042
2.6864696755506503 3.099276713115415 5.4999999999999885 1.3729393511012984
2.6494521995513534 3.166072806870515 5.549999999999988 1.2989043991027043
2.608450162958028 3.228967924995984 5.599999999999988 1.2169003259160533
2.563872563641929 3.287584061325982 5.649999999999988 1.1277451272838557
2.5161640659353868 3.3415858928048476 5.699999999999988 1.0323281318707715
2.4658005650773696 3.3906841243554853 5.749999999999988 0.931601130154737
2.413284440128805 3.434638374615794 5.799999999999987 0.8265688802576079
2.3591395427101274 3.4732595737577405 5.849999999999987 0.7182790854202532
2.303905971548706 3.506411849470682 5.899999999999987 0.6078119430974097
2.2481346849603643 3.5340138822961356 5.949999999999987 0.4962693699207267
2.1923820050058347 3.5560397167944453 5.999999999999987 0.3847640100116673
2.1372040681435163 3.572519020451913 6.0499999999999865 0.2744081362870302
2.0831512777336316 3.58353678774577 6.099999999999986 0.16630255546726055
2.030762813730394 3.5892324923189713 6.149999999999986 0.06152562746078513
1.9805612543283493 3.5897986957219086 6.199999999999986 -0.03887749134330422
1.9330473632123062 3.5854791265989414 6.249999999999986 -0.1339052735753906
1.8886950944083598 3.5765662494799746 6.299999999999986 -0.22260981118328355
1.8479468645629333 3.563398347428539 6.349999999999985 -0.30410627087413633
1.8112091398091485 3.5463561476471432 6.399999999999985 -0.377581720381706
1.778848381241806 3.5258590236996907 6.449999999999985 -0.4423032375163909
1.751187389445119 3.502360812234037 6.499999999999985 -0.4976252211097651
1.72850208453676 3.4763452859331307 6.549999999999985 -0.5429958309264833
1.7110187538474857 3.448321327852343 6.5999999999999845 -0.5779624923050322
1.6989117946909047 3.4188178552792623 6.649999999999984 -0.6021764106181943
1.692301974739402 3.3883785437507776 6.699999999999984 -0.6153960505211997
1.6912552273590773 3.3575564038557015 6.749999999999984 -0.6174895452818492
1.6957819939203078 3.3269082649196706 6.799999999999984 -0.6084360121593879
1.7058371196444282 3.2969892205979074 6.849999999999984 -0.5883257607111473
1.7213203040254619 3.268347091781402 6.8999999999999835 -0.5573593919490798
1.7420771013339225 3.241516962049371 6.949999999999983 -0.5158457973321587
1.7679004612225933 3.2170158401771967 6.999999999999983 -0.46419907755481715
1.7985327940666496 3.1953375029416584 7.049999999999983 -0.40293441186670437
1.8336685404362256 3.176947569666802 7.099999999999983 -0.3326629191275521
1.872957219070777 3.1622788576421517 7.149999999999983 -0.2540855618584491
1.9160069229515053 3.1517270647432656 7.199999999999982 -0.16798615409699258
1.9623882285983034 3.1456468223207557 7.249999999999982 -0.07522354280339646
2.011638479595742 3.144348157730458 7.299999999999982 0.023276959191480442
2.0632664016196567 3.1480934017912277 7.349999999999982 0.1265328032393101
2.116757002929161 3.1570945720186683 7.399999999999982 0.23351400585831872
2.171576711441367 3.1715112577371944 7.4499999999999815 0.34315342288273065
2.227178697146178 3.1914490281665717 7.499999999999981 0.4543573942923523
2.28300832676973 3.216958379362367 7.549999999999981 0.5660166535394565
2.3385086962758783 3.248034230514647 7.599999999999981 0.6770173925517533
2.3931261860186765 3.2846159746293746 7.649999999999981 0.7862523720373493
2.4463159831328594 3.326588083086951 7.699999999999981 0.8926319662657148
2.497547516076141 3.373781258047401 7.7499999999999805 0.9950950321522778
2.546309747113426 3.4259741212068793 7.79999999999998 1.092619494226848
2.5921162699500786 3.482895422060054 7.84999999999998 1.1842325399001525
2.6345101616650344 3.5442267436408095 7.89999999999998 1.269020323330064
2.6730685405454264 3.609605678751332 7.94999999999998 1.346137081090848
2.7074067843580334 3.678629444996505 7.99999999999998 1.4148135687160623
2.737182366980037 3.750858902563408 8.04999999999998 1.474364733960069
2.762098275118449 3.825822934668332 8.09999999999998 1.524196550236893
2.781905971036228 3.9030231469760657 8.14999999999998 1.5638119420724512
2.7964078717317005 3.981938839114462 8.199999999999982 1.5928157434633967
2.805459319841321 4.062032198693113 8.249999999999982 1.6109186396826374
2.808970026605891 4.142753666015473 8.299999999999983 1.617940053211777
2.8069049725065613 4.223547415971096 8.349999999999984 1.6138099450131185
2.799284756586718 4.30385690242576 8.399999999999984 1.5985695131734314
2.7861853909752363 4.383130409803857 8.449999999999985 1.5723707819504682
2.7677375426607598 4.460826556485657 8.499999999999986 1.5354750853215153
2.7441252300803405 4.536419695122712 8.549999999999986 1.4882504601606772
2.7155839875240577 4.609405156002931 8.599999999999987 1.4311679750481114
2.6823985156657892 4.679304281162423 8.649999999999988 1.3647970313315747
2.6448998416562413 4.745669199028525 8.699999999999989 1.2897996833124787
2.6034620171064815 4.808087291966661 8.74999999999999 1.206924034212959
2.558498386899799 4.866185312166975 8.79999999999999 1.1169967737995945
2.510457466050725 4.9196331048145 8.84999999999999 1.020914932101446
2.459818465739798 4.968146901404026 8.899999999999991 0.9196369314795922
2.4070865131521653 5.011492150348624 8.949999999999992 0.8141730263043263
2.352787612802416 5.049485856646353 8.999999999999993 0.705575225604828
2.2974633996067575 5.081998407266811 9.049999999999994 0.594926799213511
2.241665736040957 5.108954864049196 9.099999999999994 0.4833314720819096
2.18595120727774 5.130335711215131 9.149999999999995 0.3719024145554763
2.1308755692149948 5.146177050039768 9.199999999999996 0.26175113842998604
2.07698820477604 5.156570238739319 9.249999999999996 0.15397640955207703
2.0248266437807163 5.161660981167157 9.299999999999997 0.0496532875614291
1.974911201051919 5.161647873408788 9.349999999999998 -0.05017759789616566
1.9277397862428032 5.156780422773524 9.399999999999999 -0.14452042751439717
1.8837829371569512 5.147356558943511 9.45 -0.23243412568610092
1.8434791261044465 5.133719662106581 9.5 -0.3130417477911102
1.8072303861132442 5.116255137717466 9.55 -0.3855392277735149
1.775398300624653 5.095386572054361 9.600000000000001 -0.44920339875069737
1.7483003966759654 5.071571506919391 9.650000000000002 -0.5033992066480725
1.7262069775484652 5.045296875630613 9.700000000000003 -0.5475860449030726
1.7093384264753446 5.0170741458318036 9.750000000000004 -0.581323147049314
1.697863008305213 4.987434217570831 9.800000000000004 -0.6042739833895772
1.6918951910497428 4.956922127538578 9.850000000000005 -0.6162096179005178
1.6914945040581157 4.9260916122939715 9.900000000000006 -0.6170109918837722
1.6966649442080535 4.89549958470728 9.950000000000006 -0.6066701115838966
1.707354936036714 4.865700578719518 10.000000000000007 -0.5852901279265758
1.7234578462091479 4.837241217831811 10.050000000000008 -0.5530843075817079
1.7448130471924632 4.810654762501891 10.100000000000009 -0.5103739056150773
1.7712075195254797 4.786455790837788 10.15000000000001 -0.4575849609490445
1.8023779767011348 4.765135065649119 10.20000000000001 -0.39524404659773427
1.838013491465806 4.747154639057466 10.25000000000001 -0.32397301706839177
1.8777585973380502 4.732943243497658 10.300000000000011 -0.24448280532390315
1.9212168344089176 4.722892015085006 10.350000000000012 -0.15756633118216848
1.9679547040542598 4.717350592008165 10.400000000000013 -0.06409059189148422
2.017505993110532 4.716623626866404 10.450000000000014 0.03501198622106018
2.0693764243801653 4.720967747740939 10.500000000000014 0.1387528487603272
2.1230485870774283 4.730588998313819 10.550000000000015 0.2460971741548529
2.1779870980332703 4.745640782569354 10.600000000000016 0.35597419606653713
2.233643942175813 4.766222334579808 10.650000000000016 0.4672878843516226
2.2894639390148566 4.792377728639342 10.700000000000017 0.5789278780297094
2.344890280601881 4.824095439620178 10.750000000000018 0.689780561203759
2.3993700857240494 4.861308457936475 10.800000000000018 0.7987401714480956
2.452359914928771 4.903894957969116 10.85000000000002 0.9047198298575385
2.503331191366123 4.95167951328386 10.90000000000002 1.0066623827322427
2.551775473375883 5.004434846520961 10.95000000000002 1.1035509467517628
2.5972095262247863 5.061884096500994 11.000000000000021 1.1944190524495695
2.6391801424031183 5.123703579932389 11.050000000000022 1.2783602848062334
2.677268662397878 5.189526020172439 11.100000000000023 1.3545373247957528
2.711095150847522 5.258944210834708 11.150000000000023 1.4221903016950403
2.7403221864208813 5.331515077698128 11.200000000000024 1.4806443728417589
2.7646582276159775 5.406764098399971 11.250000000000025 1.5293164552319514
2.78386052090468 5.484190035826003 11.300000000000026 1.5677210418093563
2.7977375222142835 5.563269937981952 11.350000000000026 1.5954750444285635
2.806150807591575 5.643464354472244 11.400000000000027 1.6123016151831464
2.809016453990397 5.724222717551343 11.450000000000028 1.6180329079807905
2.8063058764092648 5.804988834071326 11.500000000000028 1.6126117528185264
2.7980461130285392 5.885206433543216 11.55000000000003 1.5960922260570751
2.784319555502891 5.964324716969787 11.60000000000003 1.5686391110057778
2.765263127099408 6.0418038510999015 11.65000000000003 1.5305262541988118
2.741066916879472 6.117120353298845 11.700000000000031 1.4821338337589403
2.711972283548519 6.189772313320245 11.750000000000032 1.4239445670970343
2.678269447887905 6.259284399892066 11.800000000000033 1.3565388957758064
2.640294597784519 6.325212602175688 11.850000000000033 1.2805891955690345
2.5984265347356517 6.387148658801696 11.900000000000034 1.1968530694712995
2.5530828952804434 6.4447241303025 11.950000000000035 1.1061657905608835
2.5047159850493705 6.4976140743189905 12.000000000000036 1.009431970098738
2.4538082669873815 6.545540286920828 12.050000000000036 0.9076165339747597
2.4008675487559423 6.588274077707994 12.100000000000037 0.8017350975118811
2.346421917319955 6.625638551011789 12.150000000000038 0.6928438346399066
2.29101447124736 6.657510370440154 12.200000000000038 0.5820289424947162
2.2351979032670606 6.683820989165875 12.250000000000039 0.47039580653411717
2.1795289871244963 6.704557333685453 12.30000000000004 0.3590579742489882
2.1245630237288196 6.719761934228118 12.35000000000004 0.2491260474576351
2.0708483019917083 6.729532500514145 12.400000000000041 0.141696603983413
2.0189206296112885 6.734020947094295 12.450000000000042 0.03784125922257331
1.9692979883569406 6.733431877992706 12.500000000000043 -0.061404023286122586
1.9224753671688577 6.728020545768995 12.550000000000043 -0.15504926566228838
1.878919824612507 6.718090305358063 12.600000000000044 -0.2421603507749898
1.8390658299403206 6.7039895880857046 12.650000000000045 -0.3218683401193623
1.8033109292338172 6.686108426044411 12.700000000000045 -0.39337814153236933
1.7720117798566521 6.664874561498935 12.750000000000046 -0.45597644028669926
1.7454805927751815 6.640749180130526 12.800000000000047 -0.5090388144496407
1.7239820182346068 6.614222310681015 12.850000000000048 -0.5520359635307902
1.7077305058562806 6.585807936885559 12.900000000000048 -0.5845389882874428
1.696888165489363 6.556038870452841 12.950000000000049 -0.6062236690212779
1.6915631501549706 6.525461436235058 13.00000000000005 -0.616873699690063
1.6918085772130473 6.494630022603459 13.05000000000005 -0.6163828455739097
1.697621998513388 6.46410155138978 13.100000000000051 -0.6047560029732285
1.708945424816089 6.434429922556254 13.150000000000052 -0.5821091503678268
1.7256659042378313 6.40616048900895 13.200000000000053 -0.548668191524342
1.7476166489539595 6.379824616668539 13.250000000000053 -0.5047667020920855
1.77457869891743 6.355934384062108 13.300000000000054 -0.4508426021651447
1.8062831059989308 6.334977474307926 13.350000000000055 -0.38743378800214273
1.8424136167612406 6.317412310445934 13.400000000000055 -0.3151727664775232
1.8826098271069795 6.303663482639345 13.450000000000056 -0.23478034578604545
1.9264707773319507 6.294117512861291 13.500000000000057 -0.1470584453361033
1.9735589517231866 6.289118999314048 13.550000000000058 -0.05288209655363155
2.0234046428054633 6.28896717904048 13.600000000000058 0.04680928561092142
2.075510636702648 6.293912943015885 13.650000000000059 0.15102127340529084
2.1293571728771132 6.3041563334948725 13.70000000000006 0.25871434575422114
2.1844071287735023 6.319844548577403 13.75000000000006 0.3688142575469996
2.2401113776497072 6.341070473898563 13.800000000000061 0.48022275529940917
2.295914266150354 6.367871756088566 13.850000000000062 0.5918285323007023
2.3512591569836654 6.400230427245266 13.900000000000063 0.7025183139673253
2.40559398141315 6.438073084165107 13.950000000000063 0.8111879628262944
2.4583767461776653 6.481271620544647 14.000000000000064 0.9167534923553253
2.5090809399079896 6.52964450484893 14.050000000000065 1.0181618798159742
2.5572007851105534 6.582958591099857 14.100000000000065 1.114401570221102
2.602256283329471 6.640931444521858 14.150000000000066 1.2045125666589371
2.6437980031610624 6.703234158846384 14.200000000000067 1.2875960063221197
2.6814115633601245 6.769494637172444 14.250000000000068 1.3628231267202435
2.7147217663186867 6.8393013036563834 14.300000000000068 1.4294435326373676
2.7433963406855413 6.912207209006595 14.350000000000069 1.4867926813710766
2.7671492557936874 6.987734488830556 14.40000000000007 1.5342985115873684
2.7857435748340658 7.0653791303619435 14.45000000000007 1.5714871496681255
2.7989938183150023 7.144616000019397 14.500000000000071 1.5979876366299985
2.806767814231699 7.224904081646732 14.550000000000072 1.6135356284633928
2.808988016490225 7.305691873182828 14.600000000000072 1.617976032980444
2.8056322784346337 7.38642288792907 14.650000000000073 1.6112645568692614
2.7967340737612405 7.466541205538864 14.700000000000074 1.5934681475224755
2.782382162616414 7.5454970173577465 14.750000000000075 1.5647643252328218
2.7627197062085807 7.622752110798996 14.800000000000075 1.525439412417155
2.737942838766248 7.697785238047737 14.850000000000076 1.4758856775324893
2.7082987110868455 7.770097315540391 14.900000000000077 1.4165974221736841
2.674083025192113 7.839216402354339 14.950000000000077 1.348166050384219
2.6356370846819974 7.904702407848044 15.000000000000078 1.2712741693639886
2.593344390209967 7.966151481592641 15.050000000000079 1.186688780419928
2.5476268140400817 8.023200041805143 15.10000000000008 1.0952536280801575
2.498940391844859 8.07552840209939 15.15000000000008 0.9978807836897121
2.4477707737210093 8.122863960377684 15.200000000000081 0.895541547442013
2.394628379799444 8.164983918053705 15.250000000000082 0.7892567595988822
2.340043308772647 8.20171750248231 15.300000000000082 0.680086617545289
2.284560050127171 8.2329476704273 15.350000000000083 0.5691201002543361
2.2287320528270596 8.258612275575011 15.400000000000084 0.45746410565411333
2.1731162046259302 8.278704688447661 15.450000000000085 0.34623240925185456
2.118267277076911 8.293273862532804 15.500000000000085 0.23653455415381658
2.064732391651813 8.302423845969239 15.550000000000086 0.1294647833036207
2.013045562170338 8.306312743660346 15.600000000000087 0.026091124340670693
1.9637223679789344 8.305151140167808 15.650000000000087 -0.07255526404213604
1.917254811014674 8.299199999117489 15.700000000000088 -0.16549037797065683
1.874106408055255 8.288768060070986 15.750000000000089 -0.2517871838894953
1.834707567110247 8.27420875882926 15.80000000000009 -0.33058486577951096
1.7994512940743639 8.255916701888491 15.85000000000009 -0.4010974118512772
1.7686892724691605 8.234323730215667 15.900000000000091 -0.462621455061684
1.7427283553779804 8.209894611608025 15.950000000000092 -0.5145432892440441
1.7218275045673193 8.183122404605289 16.000000000000092 -0.5563449908653663
1.706195207327059 8.154523540200007 16.050000000000093 -0.5876095853458867
1.6959873967967534 8.124632670406196 16.100000000000094 -0.6080252064064978
1.6913058965228394 8.093997335072176 16.150000000000095 -0.6173882069543256
1.6921974047624133 8.063172500136439 16.200000000000095 -0.6156051904751776
1.698653028665205 8.03271502180782 16.250000000000096 -0.6026939426695942
1.710608372980314 8.003178091890096 16.300000000000097 -0.578783254039376
1.7279441824028514 7.975105719659254 16.350000000000097 -0.5441116351943015
1.750487531153041 7.949027305337048 16.400000000000098 -0.4990249376939222
1.7780135479216543 7.925452359290783 16.4500000000001 -0.44397290415669566
1.8102476589753385 7.904865419635632 16.5000000000001 -0.3795046820493275
1.846868327046725 7.887721218936735 16.5500000000001 -0.30626334590655435
1.8875102586887178 7.874440148223507 16.6000000000001 -0.22497948262256873
1.9317680480994017 7.865404063562913 16.6500000000001 -0.13646390380120071
1.9792002210701916 7.860952477021392 16.700000000000102 -0.04159955785962122
2.0293336387185854 7.861379170010831 16.750000000000103 0.05866727743716649
2.081668217078016 7.86692926280066 16.800000000000104 0.1633364341560275
2.1356819154665936 7.87779676942789 16.850000000000104 0.27136383093318267
2.1908359438754546 7.8941226623949925 16.900000000000105 0.3816718877509046
2.24658013743269 7.9159934664603995 16.950000000000106 0.4931602748653757
2.302358444332243 7.943440395548646 17.000000000000107 0.6047168886644817
2.3576144724853396 7.976439041389525 17.050000000000107 0.7152289449706751
2.4117970395662636 8.014909616992105 17.100000000000108 0.8235940791325229
2.4643656710904165 8.058717752524938 17.15000000000011 0.9287313421808291
2.5147959916809994 8.107675835663509 17.20000000000011 1.0295919833619949
2.5625849557460865 8.161544883034862 17.25000000000011 1.1251699114921685
2.607255865389766 8.220036924091655 17.30000000000011 1.214511730779528
2.6483631255033733 8.282817873636311 17.35000000000011 1.296726251006742
2.685496688604478 8.349510864341704 17.400000000000112 1.3709933772089518
2.7182861450860867 8.419700006026233 17.450000000000113 1.4365722901721694
2.746404418075565 8.492934534184315 17.500000000000114 1.4928088361511258
2.769571026046833 8.568733306390435 17.550000000000114 1.539142052093662
2.7875548806410757 8.64658960172483 17.600000000000115 1.5751097612821467
2.800176591787527 8.725976175346261 17.650000000000116 1.6003531835750489
2.807310257130611 8.806350517792168 17.700000000000117 1.6146205142612173
2.8088847179137892 8.887160266544388 17.750000000000117 1.6177694358275732
2.8048842687925903 8.967848715879708 17.800000000000118 1.6097685375851751
2.795348814496403 9.047860370044157 17.85000000000012 1.5906976289928005
2.7803734717763113 9.126646484357792 17.90000000000012 1.5607469435526171
2.760107620609573 9.203670538977086 17.95000000000012 1.5202152412191412
2.7347534141250343 9.278413590713816 18.00000000000012 1.469506828250063
2.7045637621130636 9.35037944952572 18.05000000000012 1.4091275242261212
2.669839808234628 9.419099628043105 18.100000000000122 1.3396796164692508
2.630927926094501 9.48413801475956 18.150000000000123 1.2618558521889964
2.5882162641429574 9.545095224271433 18.200000000000124 1.1764325282859092
2.5421308738707857 9.60161258117212 18.250000000000124 1.084261747741566
2.4931314599191055 9.653375697861614 18.300000000000125 0.986262919838205
2.44170679449691 9.700117610582415 18.350000000000126 0.8834135889938144
2.3883698418478128 9.741621442399651 18.400000000000126 0.7767396836956203
2.333652641399735 9.777722566562028 18.450000000000127 0.6673052827994647
2.278101000638443 9.808310248663936 18.500000000000128 0.5562020012768806
2.22226905064385 9.83332875122805 18.55000000000013 0.4445381012876944
2.1667137185979466 9.85277788969014 18.60000000000013 0.3334274371958881
2.1119891724014406 9.866713034240108 18.65000000000013 0.22397834480287604
2.0586412928143965 9.8752445575009 18.70000000000013 0.11728258562878796
2.007202228261623 9.8785367335547 18.75000000000013 0.01440445652324096
1.9581850866189578 9.87680609929873 18.800000000000132 -0.083629826762089
1.9120788169302185 9.870319294476188 18.850000000000133 -0.17584236613956783
1.8693433321100057 9.859390401928199 18.900000000000134 -0.2613133357799935
1.8304049212837081 9.844377814597884 18.950000000000134 -0.3391901574325885
1.7956519975268999 9.825680660538413 19.000000000000135 -0.40869600494620495
1.7654312234206964 9.803734821585794 19.050000000000136 -0.4691375531586121
1.7400440530708947 9.779008585410374 19.100000000000136 -0.5199118938582152
1.7197437250844758 9.751997974318142 19.150000000000137 -0.5605125498310531
1.7047327364987104 9.7232217973973 19.200000000000138 -0.590534527002584
1.695160822860589 9.693216475365265 19.25000000000014 -0.609678354278827
1.6911234646054045 9.662530689738565 19.30000000000014 -0.6177530707891962
1.6926609346334578 9.631719909700507 19.35000000000014 -0.6146781307330899
1.699757896585367 9.601340851261448 19.40000000000014 -0.6004842068292715
1.7123435578232078 9.571945923981875 19.45000000000014 -0.5753128843535898
1.7302923755914905 9.54407772065261 19.500000000000142 -0.5394152488170243
1.753425309313973 9.518263604897882 19.550000000000143 -0.4931493813720594
1.7815116065345704 9.495010450690309 19.600000000000144 -0.43697678693086434
1.8142711046874915 9.474799586251411 19.650000000000144 -0.3714577906250221
1.851377025736298 9.4580819927726 19.700000000000145 -0.2972459485274091
1.8924592358051915 9.445273805849673 19.750000000000146 -0.21508152838962227
1.9371079372874995 9.436752164504307 19.800000000000146 -0.1257841254250061
1.9848777566023514 9.4328514491988 19.850000000000147 -0.030244486795302186
2.035292186823913 9.433859946370113 19.900000000000148 0.07058437364782107
2.08784834086768 9.440016972754693 19.95000000000015 0.1756966817353553
2.1420219678204977 9.4515104881891 20.00000000000015 0.2840439356409905
2.1972726823761035 9.46847522069893 20.05000000000015 0.39454536475220214
2.253049355212247 9.490991322578347 20.10000000000015 0.506098710424489
2.308795610540039 9.519083570865961 20.15000000000015 0.617591221080073
2.3639553759871323 9.55272112019232 20.200000000000152 0.7279107519742601
2.4179784294543043 9.591817810464391 20.250000000000153 0.835956858908604
2.470325887615199 9.636233026317866 20.300000000000153 0.9406517752303933
2.5204755813111044 9.68577309976418 20.350000000000154 1.0409511626222037
2.567927264220864 9.740193242040778 20.400000000000155 1.1358545284417232
2.612207602849119 9.799199985394278 20.450000000000156 1.224415205698233
2.6528748980574326 9.862454110439606 20.500000000000156 1.30574979611486
2.6895234910407346 9.929574029894514 20.550000000000157 1.3790469820814637
2.721787809799191 10.00013959493651 20.600000000000158 1.4435756195983769
2.749346015741696 10.073696286213554 20.65000000000016 1.498692031483386
2.7719232140458794 10.149759747702932 20.70000000000016 1.543846428091753
2.7892941957511015 10.22782061819278 20.75000000000016 1.5785883915021974
2.801285684231874 10.307349612191928 20.80000000000016 1.6025713684637426
2.807778063643002 10.387802799585671 20.85000000000016 1.6155561272859986
2.8087065720950974 10.468627031372575 20.900000000000162 1.6174131441901898
2.804061947658464 10.549265457360253 20.950000000000163 1.6081238953169228
2.793890520751422 10.629163080780748 21.000000000000163 1.587781041502839
