3.0 0.0 -1.0 0.0
2.951371571072319 -0.0024314214463840404 -0.95 -0.09725685785536159
2.9057219793409246 -0.009576743925721855 -0.8999999999999999 -0.188556041318151
2.8635065823293213 -0.02111531584220958 -0.8499999999999999 -0.27298683534135787
2.8251464812545826 -0.03668266266301441 -0.7999999999999998 -0.3497070374908355
2.791024320516456 -0.05587412257446249 -0.7499999999999998 -0.4179513589670878
2.761480470795622 -0.07824888300885857 -0.6999999999999997 -0.47703905840875566
2.7368096338349317 -0.10333437777733089 -0.6499999999999997 -0.5263807323301367
2.7172579027711494 -0.13063100094702682 -0.5999999999999996 -0.5654841944577009
2.703020307340573 -0.15961709044144068 -0.5499999999999996 -0.5939593853188542
2.6942388684452525 -0.1897541316521494 -0.4999999999999996 -0.6115222631094951
2.6910011814856403 -0.2204921291556048 -0.4499999999999996 -0.6179976370287197
2.693339542591009 -0.2512750929517723 -0.39999999999999963 -0.6133209148179819
2.7012306264635497 -0.28154658449904435 -0.34999999999999964 -0.5975387470729002
2.714595719049671 -0.3107552672233833 -0.29999999999999966 -0.5708085619006574
2.733301502717591 -0.33836040613502016 -0.24999999999999967 -0.533396994564817
2.7571613861090265 -0.36383726169368924 -0.19999999999999968 -0.48567722778194605
2.785937365399624 -0.38668232411825665 -0.1499999999999997 -0.42812526920075145
2.819342398401946 -0.4064183359281781 -0.09999999999999969 -0.36131520319610794
2.857043267829186 -0.4225990526166215 -0.049999999999999684 -0.28591346434162795
2.8986639051583794 -0.43481369396724323 3.191891195797325e-16 -0.20267218968324144
2.9437891419373643 -0.44269104161245604 0.05000000000000032 -0.11242171612527146
2.9919688511159768 -0.445903141959789 0.10000000000000032 -0.01606229776804692
3.042722437091437 -0.4441685775494183 0.15000000000000033 0.08544487418287385
3.095543629679452 -0.43725527421087385 0.20000000000000034 0.19108725935890308
3.1499055341908635 -0.4249828160173581 0.25000000000000033 0.29981106838172633
3.2052658872390247 -0.40722424494586373 0.3000000000000003 0.41053177447804856
3.2610724658508863 -0.38390732729136823 0.3500000000000003 0.5221449317017718
3.316768595925582 -0.35501527420254486 0.4000000000000003 0.6335371918511632
3.371798705093289 -0.3205869091516013 0.4500000000000003 0.7435974101865779
3.4256138645842555 -0.28071628066772414 0.5000000000000003 0.8512277291685104
3.4776772648274985 -0.23555172419713646 0.5500000000000004 0.9553545296549966
3.5274695701597443 -0.18529438244777435 0.6000000000000004 1.0549391403194877
3.5744940992310448 -0.13019619897823495 0.6500000000000005 1.1489881984620887
3.61828177943221 -0.07055740504507224 0.7000000000000005 1.2365635588644195
3.6583958259233285 -0.006723524777295334 0.7500000000000006 1.3167916518466563
3.694436098589775 0.060918071448359826 0.8000000000000006 1.38887219717955
3.726043093464803 0.1319420310510887 0.8500000000000006 1.4520861869296051
3.752901528804022 0.2058892621645299 0.9000000000000007 1.5058030576080432
3.774743490040458 0.28227151310675386 0.9500000000000007 1.549486980080915
3.7913511022490587 0.3605762427212297 1.0000000000000007 1.5827022044981167
3.8025587034626565 0.44027173300681544 1.0500000000000007 1.6051174069253122
3.808254497160417 0.5208123930379691 1.1000000000000008 1.616508994320834
3.8083816674451065 0.6016442012682452 1.1500000000000008 1.6167633348902126
3.8029389457852063 0.6822102319297609 1.2000000000000008 1.6058778915704122
3.7919806236685956 0.761956210402451 1.2500000000000009 1.5839612473371911
3.775616011041575 0.8403360421379595 1.300000000000001 1.5512320220831501
3.754008345935337 0.9168172599868052 1.350000000000001 1.5080166918706737
3.7273731661564273 0.9908863355913934 1.400000000000001 1.454746332312854
3.695976159283688 1.0620538018633991 1.450000000000001 1.3919523185673748
3.6601305124180934 1.1298591354484881 1.500000000000001 1.3202610248361861
3.620193788121895 1.1938753504754875 1.5500000000000012 1.2403875762437886
3.576564357709767 1.2537132577670707 1.6000000000000012 1.1531287154195329
3.5296774274701104 1.3090253470260644 1.6500000000000012 1.0593548549402194
3.480000697455191 1.3595092532723294 1.7000000000000013 0.9600013949103802
3.4280296961439602 1.404910772952287 1.7500000000000013 0.8560593922879187
3.3742828375145852 1.4450263996352142 1.8000000000000014 0.7485656750291687
3.319296249832696 1.4797053540025782 1.8500000000000014 0.6385924996653896
3.26361842773851 1.5088510878811383 1.9000000000000015 0.527236855477018
3.2078047609786036 1.532422247316994 1.9500000000000015 0.41560952195720496
3.1524119943585616 1.5504330850838521 2.0000000000000013 0.3048239887171205
3.097992674178833 1.5629533185107218 2.050000000000001 0.19598534835766324
3.0450896365509363 1.57010743404721 2.100000000000001 0.09017927310187014
2.9942305925734045 1.572073445503427 2.150000000000001 -0.011538814853193469
2.9459228643806767 1.569081118351131 2.2000000000000006 -0.1081542712386492
2.900648324573179 1.5614096777988238 2.2500000000000004 -0.19870335085364463
2.8588585895080936 1.5493850235028872 2.3000000000000003 -0.28228282098381574
2.8209705143980397 1.5333764786981938 2.35 -0.3580589712039238
2.7873620351543393 1.5137931061758125 2.4 -0.42527592969132444
2.7583683984527405 1.4910796278561664 2.4499999999999997 -0.48326320309452236
2.7342788176269246 1.4657119886601495 2.4999999999999996 -0.531442364746154
2.7153335877474736 1.4381926089288692 2.5499999999999994 -0.569332824505056
2.701721688663559 1.4090453727494208 2.599999999999999 -0.596556622672885
2.6935788999171653 1.3788104021784569 2.649999999999999 -0.6128422001656728
2.6909864463336923 1.3480386694909996 2.699999999999999 -0.6180271073326186
2.69397018779926 1.3172865011976471 2.7499999999999987 -0.6120596244014833
2.70250036130673 1.2871100286529464 2.7999999999999985 -0.5949992773865428
2.7164918778435596 1.2580596406104607 2.8499999999999983 -0.5670162443128837
2.7358051711600044 1.2306744930606388 2.899999999999998 -0.5283896576799938
2.7602475899511627 1.205477131116197 2.949999999999998 -0.4795048200976776
2.7895753195657504 1.1829682765920424 2.999999999999998 -0.4208493608685018
2.8234958140724506 1.1636218332739523 3.0499999999999976 -0.3530083718551015
2.8616707144238145 1.1478801596987653 3.0999999999999974 -0.27665857115237347
2.903719223608856 1.1361496566003988 3.1499999999999972 -0.19256155278229015
2.9492219051269766 1.1287967130371903 3.199999999999997 -0.10155618974604934
2.997724866893207 1.1261440516381993 3.249999999999997 -0.004550266213588602
3.0487442888400538 1.1284675094248622 3.2999999999999967 0.09748857768010494
3.101771249052835 1.1359932863195066 3.3499999999999965 0.2035424981056677
3.1562768002975083 1.1488956887870236 3.3999999999999964 0.31255360059501436
3.2117172463023063 1.1672953911170143 3.449999999999996 0.4234344926046102
3.267539565161944 1.1912582316902267 3.499999999999996 0.5350791303238858
3.3231869257656026 1.2207945562366038 3.549999999999996 0.6463738515312023
3.378104242221973 1.2558591146359825 3.5999999999999956 0.7562084844439433
3.431743710875631 1.2963515122908627 3.6499999999999955 0.8634874217512584
3.4835702746826485 1.3421172115687765 3.6999999999999953 0.967140549365294
3.533066960437969 1.3929490733248073 3.749999999999995 1.0661339208759353
3.579740035615355 1.4485894231274734 3.799999999999995 1.1594800712307067
3.6231239333801186 1.508732621577247 3.8499999999999948 1.2462478667602341
3.6627858966473252 1.573028113078619 3.8999999999999946 1.325571793294647
3.698330294860693 1.6410839226540197 3.9499999999999944 1.3966605897213824
3.729402570432059 1.7124705659186572 3.9999999999999942 1.458805140864114
3.755692775475424 1.7867253332140312 4.0499999999999945 1.5113855509508447
3.7769386635564413 1.8633569051656242 4.099999999999994 1.5538773271128787
3.792928305616945 1.9418502536242934 4.149999999999994 1.5858566112338865
3.8035022039805217 2.0216717791041665 4.199999999999994 1.60700440796104
3.808554883351774 2.102274633470781 4.249999999999994 1.6171097667035446
3.8080359429389685 2.183104174785318 4.299999999999994 1.6160718858779342
3.801950559205076 2.26360349989252 4.349999999999993 1.6039011184101497
3.7903594342322307 2.3432189995643853 4.399999999999993 1.5807188684644586
3.7733781902146744 2.4214058807867302 4.449999999999993 1.5467563804293465
3.751176216120164 2.497633601103472 4.499999999999993 1.5023524322403257
3.723974978024455 2.5713911608107027 4.549999999999993 1.4479499560489075
3.6920458099733895 2.642192200210595 4.5999999999999925 1.3840916199467772
3.655707207408874 2.709579851079708 4.649999999999992 1.3114144148177462
3.6153216501569885 2.773131293958001 4.699999999999992 1.2306433003139747
3.571291986669123 2.832461975799306 4.749999999999992 1.1425839733382432
3.52405741558356 2.8872294459119403 4.799999999999992 1.0481148311671178
3.4740891046916773 2.937136771925702 4.849999999999992 0.9481782093833527
3.421885491009853 2.9819355017107787 4.8999999999999915 0.8437709820197039
3.367967308839152 3.021428141703229 4.949999999999991 0.7359346176783024
3.3128723954082107 3.055470126915597 4.999999999999991 0.625744790816419
3.2571503259133467 3.0839712629816747 5.049999999999991 0.5143006518266909
3.2013569314717163 3.106896625850928 5.099999999999991 0.40271386294342987
3.1460487546712654 3.124266910158077 5.149999999999991 0.2920975093425285
3.0917774980237196 3.136158222792826 5.19999999999999 0.18355499604743725
3.0390845206976334 3.1427013237288937 5.24999999999999 0.0781690413952644
2.988495438426932 3.144080321685122 5.29999999999999 -0.023009123146138052
2.940514880461199 3.1405308376295284 5.34999999999999 -0.11897023907760405
2.895621455857449 3.1323376544454606 5.39999999999999 -0.20875708828510398
2.8542629793249463 3.1198318762045805 5.4499999999999895 -0.291474041350109
2.8168520042455616 3.103387625383106 5.499999999999989 -0.36629599150887865
2.7837617074280665 3.083418310966787 5.549999999999989 -0.432476585143869
2.7553221666462018 3.0603725046705 5.599999999999989 -0.4893556667075988
2.731817068092305 3.0347294664074256 5.649999999999989 -0.5363658638153924
2.7134808765898564 3.0069943636415335 5.699999999999989 -0.5730382468202895
2.700496496792247 2.9776932323106386 5.7499999999999885 -0.5990070064155077
2.6929934486974583 2.9473677295851237 5.799999999999988 -0.6140131026050851
2.6910465756780066 2.916569730803897 5.849999999999988 -0.6179068486439883
2.6946752979136375 2.885855824483479 5.899999999999988 -0.610649404172727
2.7038434186738205 2.8557817603128517 5.949999999999988 -0.5923131626523612
2.718459485382394 2.8268969055156625 5.999999999999988 -0.5630810292352139
2.7383777018627145 2.799738764877918 6.049999999999987 -0.5232445962745731
2.7633993826636063 2.774827619104234 6.099999999999987 -0.4732012346727895
2.7932749349591255 2.7526613349853704 6.149999999999987 -0.41345013008175113
2.8277063482525584 2.7337103991459544 6.199999999999987 -0.34458730349488487
2.8663501670497067 2.7184132249110675 6.249999999999987 -0.2672996659005884
2.908820916848853 2.7071717791059955 6.2999999999999865 -0.182358166302296
2.954694949272948 2.7003475724120856 6.349999999999986 -0.09061010145410542
3.0035146679885854 2.698258053275162 6.399999999999986 0.007029335977168483
3.054793093257952 2.701173441337489 6.449999999999986 0.10958618651590202
3.1080187195920774 2.70931403197999 6.499999999999986 0.21603743918415275
3.162660618049973 2.7228479988620924 6.549999999999986 0.3253212360999431
3.218173732287918 2.741889716378987 6.599999999999985 0.4363474645758338
3.2740043155304726 2.7664986187699063 6.649999999999985 0.5480086310609431
3.329595454229082 2.796678607257884 6.699999999999985 0.6591909084581626
3.384392623309447 2.8323780111348102 6.749999999999985 0.7687852466188917
3.437849217593707 2.873490103179968 6.799999999999985 0.8756984351874124
3.489432004221172 2.919854164270712 6.8499999999999845 0.978864008442343
3.538626441679349 2.971257086565738 6.899999999999984 1.0772528833586965
3.584941812387607 3.0274354992690857 6.949999999999984 1.1698836247752125
3.62791611763564 3.088078395770248 6.999999999999984 1.2558322352712776
3.6671206860494014 3.1528302359545 7.049999999999984 1.3342413720988013
3.70216444961479 3.2212944927377096 7.099999999999984 1.4043288992295788
3.7326978446054677 3.2930376074487224 7.1499999999999835 1.465395689210934
3.7584162985028238 3.367593314604137 7.199999999999983 1.5168325970056467
3.779063268125838 3.44446729293557 7.249999999999983 1.5581265362516743
3.7944327986653024 3.523142096275127 7.299999999999983 1.588865597330603
3.804371578095886 3.6030823151131863 7.349999999999983 1.60874315619177
3.808780466473144 3.683739917341638 7.399999999999983 1.617560932946286
3.807615484860645 3.7645597149083274 7.449999999999982 1.6152309697212877
3.8008882540226034 3.8449849018524898 7.499999999999982 1.6017765080452042
3.788665878506032 3.9244626084789216 7.549999999999982 1.5773317570120613
3.771070277268702 4.002449416267658 7.599999999999982 1.5421405545374016
3.748276967529939 4.07841677850759 7.649999999999982 1.4965539350598749
3.720513313975416 4.151856292582857 7.6999999999999815 1.4410266279508284
3.68805626078024 4.2222847713206395 7.749999999999981 1.3761125215604768
3.651229569073541 4.289249062813329 7.799999999999981 1.3024591381470783
3.610400587401021 4.352330570637056 7.849999999999981 1.2208011748020378
3.565976587400311 4.411149429377122 7.899999999999981 1.131953174800618
3.518400701240995 4.465368293809187 7.949999999999981 1.0368014024819852
3.4681475013535885 4.514695703938917 7.9999999999999805 0.9362950027071728
3.415718266539962 4.558888992333594 8.049999999999981 0.8314365330799198
3.361635981686037 4.597756704744893 8.099999999999982 0.7232719633720693
3.3064401209549446 4.631160509876942 8.149999999999983 0.6128802419098841
3.2506812664986158 4.65901657924962 8.199999999999983 0.5013625329972262
3.1949156163664902 4.681296423392875 8.249999999999984 0.389831232732975
3.1396994363952975 4.698027176030965 8.299999999999985 0.27939887279058945
3.0855835114226555 4.709291323421862 8.349999999999985 0.17116702284530538
3.033107651173977 4.715225881551693 8.399999999999986 0.06621530234794834
2.982795305626805 4.716021029391732 8.449999999999987 -0.034409388746395556
2.9351483435646526 4.711918211851305 8.499999999999988 -0.12970331287070047
2.8906420464045985 4.703207731349767 8.549999999999988 -0.21871590719080894
2.849720367235521 4.690225852031773 8.599999999999989 -0.3005592655289641
2.8127915023583587 4.673351445511467 8.64999999999999 -0.3744169952832891
2.780223819502559 4.653002211604512 8.69999999999999 -0.43955236099488815
2.7523421833350135 4.629630511746391 8.749999999999991 -0.49531563332997947
2.7294247149147495 4.603718856658879 8.799999999999992 -0.5411505701705073
2.7117000174180292 4.575775093275517 8.849999999999993 -0.5765999651639477
2.6993448958074135 4.546327338936789 8.899999999999993 -0.6013102083851791
2.692482593191238 4.5159187133867205 8.949999999999994 -0.6150348136175307
2.691181561465923 4.485101921119578 8.999999999999995 -0.6176368770681611
2.69545477850404 4.454433738118076 9.049999999999995 -0.6090904429919269
2.705259618699224 4.424469457978239 9.099999999999996 -0.5894807626015589
2.720498278159254 4.395757352821162 9.149999999999997 -0.5590034436814993
2.7410187503059746 4.368833204244424 9.199999999999998 -0.5179624993880582
2.766616342150391 4.344214958867242 9.249999999999998 -0.4667673156992249
2.7970357161179957 4.322397561780661 9.299999999999999 -0.4059285677640153
2.831973437056992 4.3038480194394095 9.35 -0.33605312588602243
2.8710809990228516 4.2890007412434015 9.4 -0.2578380019543035
2.9139683016468374 4.278253206276886 9.450000000000001 -0.17206339670633214
2.960207541411503 4.271961998429802 9.500000000000002 -0.07958491717700085
3.009337479017451 4.2704392494512495 9.550000000000002 0.0186749580348943
3.060868040274097 4.273949525415826 9.600000000000003 0.12173608054818691
3.1142852046202787 4.282707187660545 9.650000000000004 0.2285704092405501
3.169056132511395 4.296874254517128 9.700000000000005 0.33811226502278324
3.224634480527086 4.316558785169052 9.750000000000005 0.4492689610541657
3.280465851180911 4.341813801754451 9.800000000000006 0.5609317023618159
3.3359933230698395 4.372636760466989 9.850000000000007 0.6719866461396725
3.3906630061999663 4.408969576930479 9.900000000000007 0.7813260123999264
3.4439295670737344 4.450699205594164 9.950000000000008 0.8878591341474629
3.49526166842557 4.497658767369129 10.000000000000009 0.9905233368511344
3.5441472693442333 4.549629214257618 10.05000000000001 1.0882945386884606
3.5900987329128293 4.606341514370471 10.10000000000001 1.1801974658256527
3.632657690417457 4.667479335536985 10.150000000000011 1.265315380834908
3.671399613603706 4.732682200738043 10.200000000000012 1.3427992272074063
3.7059380493724623 4.801549083886851 10.250000000000012 1.4118760987449182
3.7359284746736625 4.873642410089157 10.300000000000013 1.4718569493473186
3.7610717331452004 4.9484924204800995 10.350000000000014 1.5221434662903943
3.7811170192162873 5.025601858098174 10.400000000000015 1.5622340384325686
3.795864379908658 5.104450928054421 10.450000000000015 1.5917287598173107
3.8051667093799955 5.1845024825188535 10.500000000000016 1.6103334187599847
3.8089312163138764 5.265207378803547 10.550000000000017 1.6178624326277462
3.8071203495189407 5.346009957095188 10.600000000000017 1.6142406990378744
3.799752172504365 5.426353583196352 10.650000000000018 1.599504345008722
3.7869001832952316 5.505686200986331 10.700000000000019 1.5738003665904554
3.7686925812851486 5.58346583921535 10.75000000000002 1.537385162570289
3.7453109884393037 5.659166017701573 10.80000000000002 1.4906219768785987
3.716988637604039 5.7322809990037396 10.850000000000021 1.4339772752080695
3.6840080459946694 5.8023308331836745 10.900000000000022 1.3680160919893303
3.6466981970686447 5.86886614533684 10.950000000000022 1.293396394137281
3.605431258895053 5.931472618135024 11.000000000000023 1.2108625177900967
3.5606188717549268 5.989775124667523 11.050000000000024 1.1212377435098442
3.512708042003779 6.043441470355458 11.100000000000025 1.0254160840075484
3.4621766831553367 6.092185706613414 11.150000000000025 0.9243533663106638
3.409528848664447 6.135770983204402 11.200000000000026 0.8190576973288848
3.3552897039624408 6.1740119108357465 11.250000000000027 0.7105794079248725
3.300000287899213 6.206776410428828 11.300000000000027 0.6000005757984177
3.2442121158469663 6.233987030616137 11.350000000000028 0.488424231693924
3.1884816782999867 6.255621720323484 11.400000000000029 0.37696335659996466
3.1333648898472717 6.271714048730846 11.45000000000003 0.26672977969453454
3.079411543889846 6.282352870417702 11.50000000000003 0.1588230877796827
3.0271598284173096 6.287681439033059 11.550000000000031 0.0543196568346096
2.977130957549089 6.287895978331378 11.600000000000032 -0.04573808490183101
2.9298239723911026 6.283243724828387 11.650000000000032 -0.14035205521780436
2.8857107630696137 6.274020461601422 11.700000000000033 -0.22857847386078212
2.8452313615978047 6.2605675678347925 11.750000000000034 -0.30953727680440024
2.80878955252901 6.243268613541133 11.800000000000034 -0.3824208949419894
2.7767488451806246 6.222545533426614 11.850000000000035 -0.4465023096387607
2.7494288476059983 6.198854418065945 11.900000000000036 -0.501142304788013
2.72710207848418 6.172680964370453 11.950000000000037 -0.5457958430316493
2.709991248729103 6.144535630731117 12.000000000000037 -0.5800175025418026
2.698267039934335 6.114948545164289 12.050000000000038 -0.6034659201313394
2.6920464018135384 6.084464217251682 12.100000000000039 -0.6159071963729327
2.691391385619789 6.053636106623348 12.15000000000004 -0.6172172287604317
2.6963085251804553 6.02302110216336 12.20000000000004 -0.6073829496390986
2.7067487717218657 5.993173967008476 12.25000000000004 -0.5865024565562781
2.722607983133881 5.964641804751262 12.300000000000042 -0.5547840337322478
2.7437279627939373 5.937958602047653 12.350000000000042 -0.5125440744121352
2.7698980375882187 5.91363990206676 12.400000000000043 -0.4602039248235723
2.8008571593891016 5.892177661915626 12.450000000000044 -0.3982856812218065
2.836296509026502 5.874035345336405 12.500000000000044 -0.3274069819470052
2.875862576778352 5.859643299626647 12.550000000000045 -0.24827484644330583
2.9191606886521133 5.84939446289817 12.600000000000046 -0.16167862269578298
2.965758943282462 5.843640444494898 12.650000000000047 -0.06848211343508517
3.0151925201743324 5.842688017667737 12.700000000000047 0.030385040348655856
3.066968316316334 5.84679605949227 12.750000000000048 0.13393663263265979
3.120569864914034 5.856172968553788 12.800000000000049 0.24113972982805887
3.1754624871784265 5.870974586158411 12.85000000000005 0.35092497435684394
3.2310986257801915 5.891302641806342 12.90000000000005 0.4621972515603737
3.286923306768189 5.91720373843376 12.95000000000005 0.5738466135363686
3.342379675469222 5.94866888754563 13.000000000000052 0.6847593509384347
3.3969145511481185 5.985633598876497 13.050000000000052 0.793829102296227
3.449983945020051 6.027978523684904 13.100000000000053 0.8999678900400923
3.501058486572582 6.075530645264536 13.150000000000054 1.0021169731451536
3.5496287040695256 6.128065004796641 13.200000000000054 1.0992574081390414
3.5952101065632824 6.18530694532828 13.250000000000055 1.1904202131265547
3.6373480167222434 6.246934851492556 13.300000000000056 1.2746960334444766
3.675622106265521 6.312583357641944 13.350000000000056 1.3512442125310322
3.7096505887637563 6.381846992393407 13.400000000000057 1.4193011775275028
3.739094027982553 6.454284223230722 13.450000000000058 1.4781880559650957
3.763658723780077 6.529421860818854 13.500000000000059 1.5273174475601439
3.783099641784284 6.606759779097072 13.55000000000006 1.5661992835685572
3.797222857626054 6.685775904067588 13.60000000000006 1.5944457152520972
3.8058874913468657 6.765931421516234 13.65000000000006 1.611774982693721
3.8090071126851655 6.846676151717834 13.700000000000061 1.6180142253703202
3.8065506032236134 6.9274540375132725 13.750000000000062 1.6131012064472157
3.798542466797237 7.007708691014314 13.800000000000063 1.5970849335944632
3.7850625850661506 7.086888943607483 13.850000000000064 1.5701251701322898
3.7662454206910128 7.164454343895341 13.900000000000064 1.5324908413820137
3.7422786760596054 7.239880548732871 13.950000000000065 1.484557352119199
3.713401420943813 7.3126645535830415 14.000000000000066 1.4268028418876144
3.6799017077637433 7.382329710018419 14.050000000000066 1.359803415527475
3.6421136982468783 7.448430480318949 14.100000000000067 1.284227396493745
3.6004143301440097 7.510556881738493 14.150000000000068 1.2008286602880074
3.5552195572516747 7.568338576108276 14.200000000000069 1.1104391145033372
3.5069802002471038 7.621448563983215 14.25000000000007 1.013960400494195
3.4561774497238584 7.669606446481763 14.30000000000007 0.9123548994477042
3.403318066285662 7.712581222282238 14.35000000000007 0.8066361325713112
3.348929325577783 7.7501935918754095 14.400000000000071 0.6978586511555536
3.2935537586796024 7.782317746088278 14.450000000000072 0.5871075173591921
3.237743740323271 7.808882621038421 14.500000000000073 0.4754874806465294
3.1820559789213214 7.829872607000651 14.550000000000074 0.3641119578426295
3.1270459633655427 7.845327704114993 14.600000000000074 0.2540919267310725
3.073262421990657 7.855343123382802 14.650000000000075 0.14652484398130045
3.021241848974966 7.860068336931083 14.700000000000076 0.04248369794991953
2.9715031527774807 7.859705587018705 14.750000000000076 -0.056993694445051646
2.9245424799936863 7.8545078686572625 14.800000000000077 -0.1509150400126407
2.880828266262324 7.844776405970062 14.850000000000078 -0.23834346747536536
2.840796563590689 7.830857647462713 14.900000000000079 -0.31840687281863506
2.8048466907086733 7.81313981017768 14.95000000000008 -0.3903066185826666
2.773337249839539 7.79204900720509 15.00000000000008 -0.45332550032093555
2.7465825496203844 7.768044997178086 15.05000000000008 -0.5068349007592451
2.7248494698538943 7.741616598151799 15.100000000000081 -0.5503010602922255
2.7083547993656696 7.713276811612777 15.150000000000082 -0.5832904012686747
2.6972630735221763 7.683557705257168 15.200000000000083 -0.6054738529556609
2.6916849329802077 7.653005105582286 15.250000000000083 -0.6166301340395979
2.6916760200394343 7.622173153233268 15.300000000000084 -0.616647959921145
2.697236423606996 7.591618775415589 15.350000000000085 -0.6055271527860221
2.708310678310647 7.561896130511471 15.400000000000086 -0.5833786433787195
2.7247883177693044 7.533551080315468 15.450000000000086 -0.5504233644614047
2.7465049765020835 7.5071157450290364 15.500000000000087 -0.5069900469958466
2.7732440294842187 7.483103195328351 15.550000000000088 -0.45351194103157655
2.8047387529951897 7.46200233445232 15.600000000000088 -0.3905224940096348
2.8406749852044633 7.444273021362302 15.65000000000009 -0.318650029591088
2.8806942599553382 7.430341483620292 15.70000000000009 -0.2386114800893384
2.924397382487207 7.420596065742418 15.75000000000009 -0.1512052350256004
2.9713484114281816 7.415383355438187 15.800000000000091 -0.05730317714365181
3.0210790073374536 7.415004726376468 15.850000000000092 0.04215801467489198
3.073093104420417 7.419713331964361 15.900000000000093 0.1461862088408183
3.126871858815895 7.429711580126176 15.950000000000093 0.25374371763177406
3.1818788240960023 7.44514911427177 16.000000000000092 0.3637576481919889
3.2375653023527082 7.466121320594205 16.050000000000093 0.4751306047054006
3.2933758174936765 7.492668376586523 16.100000000000094 0.586751634987337
3.3487536561509175 7.524774850268752 16.150000000000095 0.6975073123018187
3.4031464209313413 7.562369854122864 16.200000000000095 0.8062928418626665
3.4560115406151932 7.60532775220019 16.250000000000096 0.9120230812303705
3.5068216823377965 7.653469413347839 16.300000000000097 1.0136433646755771
3.5550700117677536 7.706563998053116 16.350000000000097 1.1101400235354912
3.600275248811 7.764331261082052 16.400000000000098 1.2005504976219838
3.641986468409748 7.826444346943089 16.4500000000001 1.2839729368194794
3.6797875985480495 7.892533050290978 16.5000000000001 1.3595751970960825
3.713301570596096 7.962187508748184 16.5500000000001 1.4266031411921762
3.7421940805933094 8.034962291307654 16.6000000000001 1.4843881611866023
3.7661769239511877 8.110380841534878 16.6500000000001 1.5323538479023593
3.7850108703120466 8.187940231248039 16.700000000000102 1.5700217406240775
3.7985080498867507 8.267116177257979 16.750000000000103 1.597016099773486
3.806533827467572 8.347368271125694 16.800000000000104 1.6130676549351286
3.809008145422782 8.428145369770212 16.850000000000104 1.6180162908455482
3.805906322276518 8.508891093155176 16.900000000000105 1.6118126445530196
3.7972592989080445 8.589049374214403 16.950000000000106 1.594518597816072
3.783153329914553 8.668070005655531 17.000000000000107 1.5663066598290891
3.7637291232161783 8.745414128312067 17.050000000000107 1.5274582464323396
3.7391804364857224 8.820559606297161 17.100000000000108 1.4783608729714275
3.709752144403788 8.893006235341636 17.15000000000011 1.4195042888075584
3.675737796018574 8.962280732362753 17.20000000000011 1.3514755920371304
3.6374766865758184 9.027941456492472 17.25000000000011 1.2749533731516187
3.595350473027568 9.08958281447264 17.30000000000011 1.1907009460551183
3.5497793669802897 9.146839306473032 17.35000000000011 1.0995587339605621
3.5012179430578967 9.199389171974941 17.400000000000112 1.0024358861157758
3.4501506044915344 9.246957599352411 17.450000000000113 0.9003012089830517
3.3970867511671523 9.289319467135345 17.500000000000114 0.7941735023342872
3.342555698329881 9.326301589610196 17.550000000000114 0.6851113966597445
3.2871013966314635 9.357784444358263 17.600000000000115 0.5742027932629099
3.2312770061885927 9.383703364499265 17.650000000000116 0.4625540123771685
3.17563937877626 9.404049183747507 17.700000000000117 0.3512787575525027
3.120743503196583 9.418868327846148 17.750000000000117 0.24148700639314874
3.0671369692309054 9.428262351467522 17.800000000000118 0.13427393846179347
3.0153545053975876 9.432386925198946 17.85000000000012 0.030709010795158323
2.965912645001701 9.43145028271891 17.90000000000012 -0.06817470999661569
2.9193045736831036 9.42571114365315 17.95000000000012 -0.1613908526338098
2.8759952098589396 9.415476132830252 18.00000000000012 -0.24800958028213788
2.8364165671334396 9.40109672167987 18.05000000000012 -0.32716686573313797
2.8009634449352867 9.382965722283306 18.100000000000122 -0.3980731101294436
2.7699894903687023 9.361513369048504 18.150000000000123 -0.46002101926261263
2.7438036705615323 9.337203027095015 18.200000000000124 -0.5123926588769525
2.722667190698886 9.310526570158036 18.250000000000124 -0.5546656186022454
2.7067908884851284 9.281999474117235 18.300000000000125 -0.5864182230297602
2.6963331310246366 9.252155675092723 18.350000000000126 -0.6073337379507436
2.691398235100059 9.221542243398957 18.400000000000126 -0.6172035297998992
2.6920354266059046 9.190713926484255 18.450000000000127 -0.6159291467882078
2.698238349517178 9.160227615290408 18.500000000000128 -0.6035233009656615
2.7099451292911225 9.130636789230822 18.55000000000013 -0.5801097414177718
2.727038990069645 9.10248599519886 18.60000000000013 -0.5459220198607273
2.749349419525777 9.07630541567863 18.65000000000013 -0.5013011609484636
2.7766538697347687 9.052605580141657 18.70000000000013 -0.4466922605304795
2.808679977103514 9.03187227248357 18.75000000000013 -0.38264004579298927
2.8451082792143687 9.014561685299464 18.800000000000132 -0.3097834415712796
2.8855754014826864 9.001095869334316 18.850000000000133 -0.2288491970346445
2.9296776818409525 8.991858523500497 18.900000000000134 -0.1406446363181128
2.9769751972930742 8.987191167457198 18.950000000000134 -0.04604960541386903
3.026996152173694 8.987389734930535 19.000000000000135 0.05399230434737105
